t # 0 U 1
v 0 0
v 1 1
v 2 2
v 3 3
v 4 4
v 5 5
v 6 6
v 7 7
v 8 8
v 9 9
v 10 9
v 11 10
v 12 11
v 13 12
v 14 13
v 15 14
v 16 15
v 17 16
v 18 17
v 19 8
e 13 7 15
e 7 3 21
e 18 0 20
e 14 16 1
e 3 5 1
e 19 3 20
e 12 13 1
e 14 1 21
e 7 17 10
e 12 15 10
e 13 17 4
e 4 1 13
e 12 0 21
e 11 12 9
e 12 7 21
e 10 7 20
e 15 0 21
e 9 7 20
e 4 1 21
e 12 17 10
e 12 3 21
e 17 15 21
e 7 15 10
e 2 4 9
e 4 14 2
e 15 18 1
e 17 0 21
e 7 0 21
e 4 14 10
e 3 15 10
e 3 0 21
e 16 1 20
e 8 7 20
e 2 14 9
e 17 19 12
e 17 3 21
e 6 14 9
e 3 15 9
-
t # 1 U 1
v 0 13
v 1 3
v 2 5
v 3 14
v 4 18
v 5 19
v 6 17
v 7 15
v 8 1
v 9 20
v 10 21
v 11 22
v 12 10
v 13 8
v 14 11
v 15 12
v 16 23
v 17 5
v 18 0
v 19 24
v 20 25
v 21 7
v 22 16
v 23 5
v 24 26
v 25 9
v 26 27
v 27 2
v 28 4
e 14 3 10
e 13 21 20
e 22 23 12
e 3 16 10
e 14 21 21
e 6 16 4
e 7 8 20
e 14 24 10
e 12 14 9
e 28 0 2
e 26 1 21
e 26 24 21
e 28 8 13
e 24 22 21
e 25 21 20
e 21 3 10
e 27 0 9
e 4 5 9
e 13 24 9
e 26 3 21
e 20 16 20
e 26 21 21
e 0 8 21
e 21 18 21
e 1 16 10
e 10 11 9
e 15 26 4
e 14 26 10
e 25 5 9
e 26 18 21
e 24 1 21
e 1 18 21
e 5 21 18
e 15 22 4
e 14 16 10
e 22 18 21
e 22 16 10
e 24 3 21
e 16 17 12
e 19 21 20
e 28 8 21
e 9 24 4
e 1 2 1
e 24 21 18
e 21 22 10
e 11 13 12
e 14 22 10
e 24 18 21
e 14 18 21
e 14 1 21
e 27 28 9
e 0 7 1
e 11 21 18
e 22 1 21
e 24 16 21
e 14 15 1
e 24 25 12
e 21 16 10
e 3 18 21
e 26 22 21
e 15 21 15
e 21 1 21
e 24 21 21
e 1 3 10
e 22 3 21
e 16 18 21
e 28 0 10
e 26 16 21
e 3 6 1
e 1 3 9
e 16 18 20
e 22 1 20
-
t # 2 U 1
v 0 7
v 1 28
v 2 29
v 3 30
v 4 31
v 5 32
v 6 33
v 7 34
v 8 35
v 9 5
v 10 36
v 11 37
v 12 10
v 13 38
v 14 11
v 15 5
v 16 12
v 17 0
v 18 39
v 19 40
e 13 11 21
e 11 15 12
e 6 11 10
e 18 17 21
e 18 0 21
e 14 8 10
e 18 3 21
e 4 0 21
e 6 3 21
e 13 0 18
e 8 17 21
e 4 3 21
e 2 11 4
e 5 0 18
e 4 11 10
e 14 16 1
e 5 4 18
e 8 9 12
e 5 17 21
e 13 17 21
e 18 11 21
e 18 13 21
e 19 3 15
e 18 19 1
e 14 13 10
e 6 4 21
e 12 14 9
e 10 4 15
e 7 18 9
e 5 8 10
e 14 17 21
e 16 0 15
e 6 8 10
e 5 7 1
e 3 8 10
e 18 4 18
e 19 6 15
e 14 6 10
e 0 3 10
e 6 4 18
e 3 17 21
e 5 11 10
e 14 11 10
e 6 11 7
e 6 0 18
e 1 18 4
e 6 17 21
e 18 0 18
e 11 0 21
e 5 0 21
e 13 8 21
e 5 3 21
e 6 0 21
e 4 2 12
e 13 0 21
e 6 13 10
e 10 13 4
e 5 14 21
e 4 17 21
e 14 3 10
e 5 18 10
e 5 13 10
e 11 8 21
e 18 6 21
e 18 8 21
e 13 11 18
e 18 11 18
e 16 8 4
e 14 4 10
e 4 8 10
e 5 4 21
e 18 14 21
e 13 3 21
e 6 10 1
e 13 4 21
e 5 6 10
e 5 11 7
e 13 4 18
e 18 4 21
e 14 0 21
e 0 17 21
e 0 8 10
e 11 17 21
e 11 3 21
e 8 17 20
e 11 0 20
-
t # 3 U 1
v 0 32
v 1 33
v 2 31
v 3 41
v 4 7
v 5 0
v 6 12
v 7 40
v 8 5
v 9 39
v 10 38
v 11 11
v 12 37
v 13 10
v 14 36
v 15 5
v 16 35
v 17 34
v 18 28
v 19 29
e 1 2 18
e 11 9 10
e 3 16 21
e 1 12 10
e 14 10 4
e 12 16 21
e 0 9 10
e 2 4 21
e 0 2 18
e 9 5 21
e 2 3 10
e 1 4 18
e 7 3 4
e 16 5 21
e 18 9 4
e 10 12 21
e 9 2 21
e 10 2 21
e 10 12 18
e 0 2 21
e 9 12 18
e 19 12 4
e 2 12 10
e 1 2 21
e 0 4 21
e 1 5 21
e 10 16 21
e 10 5 21
e 1 12 7
e 10 2 18
e 1 3 10
e 0 12 7
e 0 4 18
e 9 3 10
e 12 8 12
e 0 10 10
e 11 10 10
e 9 7 1
e 4 5 21
e 14 2 15
e 0 12 10
e 0 17 1
e 12 5 21
e 11 2 10
e 2 19 12
e 9 16 21
e 2 16 10
e 17 9 9
e 4 3 10
e 1 10 10
e 11 3 10
e 0 1 10
e 11 1 10
e 3 5 21
e 11 12 10
e 1 14 1
e 10 3 10
e 9 10 21
e 6 16 4
e 9 12 21
e 9 1 21
e 0 5 21
e 2 5 21
e 9 4 18
e 11 4 21
e 10 4 18
e 11 0 10
e 0 3 10
e 11 6 1
e 6 4 15
e 9 2 18
e 11 16 10
e 1 4 21
e 13 11 9
e 16 15 12
e 10 4 21
e 1 16 10
e 9 4 21
e 11 5 21
e 12 4 21
e 0 16 10
e 12 3 10
e 7 1 15
e 4 16 10
e 12 4 20
e 16 5 20
-
t # 4 U 1
v 0 7
v 1 42
v 2 1
v 3 12
v 4 11
v 5 4
v 6 15
v 7 13
v 8 2
v 9 0
v 10 8
v 11 17
v 12 5
v 13 8
v 14 16
e 5 7 2
e 7 2 21
e 11 7 20
e 4 0 21
e 3 14 4
e 14 9 21
e 8 7 9
e 3 0 15
e 13 0 18
e 7 6 1
e 4 9 21
e 11 4 20
e 0 14 10
e 13 0 20
e 14 12 12
e 1 7 20
e 5 2 21
e 5 2 13
e 6 2 20
e 4 3 1
e 10 13 12
e 4 14 10
e 5 7 10
e 0 9 21
e 8 5 9
e 14 9 20
-
t # 5 U 1
v 0 8
v 1 43
v 2 44
v 3 5
v 4 22
v 5 45
v 6 46
v 7 15
v 8 13
v 9 47
v 10 9
v 11 17
v 12 48
v 13 5
v 14 49
v 15 50
v 16 51
v 17 4
v 18 52
v 19 0
v 20 1
v 21 5
e 8 20 21
e 15 2 21
e 16 13 12
e 12 2 21
e 10 15 9
e 8 7 1
e 7 20 20
e 15 14 12
e 11 2 9
e 6 3 12
e 16 6 21
e 6 19 21
e 0 12 9
e 12 6 21
e 2 19 21
e 2 16 10
e 16 19 21
e 12 16 10
e 14 16 9
e 9 15 9
e 12 19 21
e 17 20 21
e 1 15 9
e 15 6 21
e 21 16 4
e 15 19 21
e 12 15 10
e 17 8 2
e 4 0 12
e 5 15 9
e 2 21 12
e 18 8 20
e 18 17 20
e 0 15 9
e 17 20 13
e 2 6 10
e 10 4 9
e 15 16 10
e 13 6 4
e 17 8 10
e 6 19 20
-
t # 6 U 1
v 0 53
v 1 8
v 2 0
v 3 54
v 4 22
v 5 24
v 6 55
v 7 5
v 8 56
v 9 8
v 10 16
v 11 5
v 12 57
v 13 22
v 14 7
v 15 58
v 16 56
v 17 4
v 18 17
v 19 12
v 20 11
v 21 59
v 22 0
v 23 5
v 24 60
v 25 61
v 26 5
v 27 5
v 28 62
v 29 63
v 30 64
v 31 65
v 32 66
v 33 4
v 34 55
v 35 2
v 36 0
v 37 67
v 38 55
v 39 68
v 40 17
e 32 6 21
e 34 29 10
e 3 34 10
e 34 15 10
e 6 14 21
e 33 2 21
e 4 1 12
e 33 16 10
e 24 17 20
e 6 22 21
e 3 22 21
e 29 24 11
e 32 34 21
e 38 39 10
e 6 10 21
e 15 20 21
e 30 31 4
e 17 36 13
e 38 6 21
e 30 34 15
e 34 38 21
e 3 14 21
e 32 29 21
e 28 16 20
e 31 22 21
e 8 36 21
e 3 10 21
e 3 20 21
e 6 31 10
e 32 10 21
e 17 36 21
e 32 20 21
e 32 39 10
e 24 8 20
e 29 39 10
e 39 22 21
e 6 20 21
e 38 22 21
e 34 36 21
e 40 29 7
e 40 3 7
e 30 38 15
e 34 22 21
e 19 10 4
e 32 22 21
e 34 31 10
e 3 21 1
e 3 36 21
e 1 36 20
e 10 7 12
e 29 31 10
e 3 6 10
e 21 15 15
e 13 9 12
e 3 31 10
e 15 31 10
e 20 39 10
e 31 39 10
e 29 36 21
e 20 10 10
e 18 20 20
e 3 39 10
e 30 6 15
e 12 8 20
e 18 16 9
e 15 6 21
e 15 10 21
e 32 36 21
e 20 31 10
e 32 3 21
e 29 20 21
e 34 6 21
e 40 6 7
e 31 10 21
e 38 14 21
e 10 22 21
e 32 31 21
e 0 40 12
e 29 26 12
e 29 38 21
e 3 15 10
e 29 14 21
e 29 8 21
e 32 17 21
e 38 10 21
e 32 14 21
e 6 39 10
e 3 38 10
e 33 13 2
e 31 27 12
e 3 8 10
e 34 17 21
e 15 14 21
e 39 10 21
e 16 2 21
e 40 29 9
e 29 10 21
e 34 10 21
e 3 17 21
e 37 16 15
e 40 34 7
e 32 38 21
e 5 4 20
e 17 4 2
e 40 38 7
e 20 22 21
e 32 15 21
e 29 22 21
e 38 31 10
e 39 14 21
e 29 6 21
e 20 19 1
e 9 2 20
e 14 22 21
e 17 8 2
e 40 34 9
e 19 14 15
e 34 39 10
e 33 16 2
e 33 2 13
e 3 29 10
e 37 8 15
e 32 30 12
e 17 8 10
e 34 20 21
e 25 16 20
e 40 15 7
e 14 10 10
e 34 14 21
e 38 15 10
e 29 17 21
e 35 33 9
e 40 3 9
e 32 8 21
e 15 39 10
e 29 15 21
e 31 14 21
e 34 8 10
e 39 23 12
e 38 20 21
e 20 14 21
e 15 22 21
e 5 13 20
e 15 11 12
e 15 6 20
e 29 38 20
e 31 39 9
e 39 14 20
e 10 22 20
-
t # 7 U 1
v 0 1
v 1 1
v 2 69
v 3 70
v 4 69
v 5 70
v 6 4
v 7 2
v 8 69
v 9 70
v 10 19
v 11 24
v 12 4
v 13 4
v 14 71
v 15 1
v 16 72
v 17 8
v 18 73
v 19 74
v 20 1
v 21 44
v 22 75
v 23 76
v 24 77
v 25 69
v 26 70
v 27 78
v 28 79
v 29 80
v 30 0
e 8 1 20
e 29 30 21
e 10 30 17
e 29 13 21
e 3 2 12
e 10 20 17
e 22 21 20
e 6 3 10
e 13 9 10
e 13 1 21
e 12 5 2
e 25 20 20
e 21 5 10
e 21 7 11
e 11 10 20
e 24 14 11
e 9 8 12
e 16 9 20
e 3 15 21
e 14 12 20
e 29 5 21
e 19 10 20
e 21 24 10
e 7 3 9
e 24 23 12
e 12 0 13
e 6 3 2
e 10 1 17
e 29 16 11
e 6 15 21
e 10 0 17
e 21 12 21
e 13 1 13
e 7 6 9
e 6 15 13
e 16 13 20
e 21 3 10
e 21 6 21
e 26 25 12
e 26 20 21
e 24 0 21
e 5 4 12
e 4 0 20
e 14 5 20
e 21 30 21
e 9 1 21
e 2 15 20
e 28 24 20
e 24 30 21
e 29 9 21
e 27 26 20
e 29 28 12
e 17 29 9
e 21 18 1
e 29 0 21
e 12 0 21
e 24 5 21
e 24 12 21
e 13 9 2
e 29 1 21
e 29 24 21
e 12 5 10
e 21 0 21
e 5 0 21
e 23 30 20
e 18 24 4
e 21 15 21
e 29 12 21
-
t # 8 U 1
v 0 70
v 1 81
v 2 82
v 3 83
v 4 4
v 5 84
v 6 85
v 7 1
v 8 9
v 9 69
v 10 70
v 11 76
v 12 4
v 13 86
v 14 69
v 15 87
v 16 0
v 17 1
e 9 17 20
e 5 4 20
e 3 10 21
e 15 10 21
e 4 7 21
e 2 12 20
e 12 10 10
e 15 5 11
e 4 7 13
e 4 0 2
e 12 17 13
e 10 9 12
e 15 17 21
e 11 3 9
e 13 3 15
e 2 10 20
e 8 3 9
e 5 0 20
e 4 0 10
e 15 12 21
e 12 10 2
e 15 7 21
e 15 13 12
e 6 3 20
e 0 14 12
e 13 16 20
e 3 2 11
e 3 17 21
e 15 16 21
e 1 15 9
e 0 7 21
e 15 3 21
e 15 4 21
e 10 17 21
e 14 7 20
e 15 0 21
e 3 12 21
e 12 17 21
-
t # 9 U 1
v 0 2
v 1 11
v 2 10
v 3 88
v 4 4
e 0 4 9
e 1 3 10
e 1 4 21
e 4 3 2
e 4 3 10
e 1 0 11
e 0 3 9
e 2 1 9
-
t # 10 U 1
v 0 89
v 1 90
v 2 91
v 3 1
v 4 92
v 5 15
v 6 93
v 7 94
v 8 95
v 9 96
v 10 97
v 11 98
v 12 99
v 13 89
v 14 90
v 15 100
v 16 101
v 17 102
v 18 103
v 19 104
v 20 90
v 21 104
v 22 95
v 23 105
v 24 106
v 25 107
v 26 17
v 27 5
v 28 108
v 29 11
v 30 109
v 31 89
v 32 110
v 33 111
v 34 112
v 35 93
v 36 107
v 37 94
v 38 13
v 39 4
v 40 109
v 41 2
v 42 93
v 43 94
v 44 104
v 45 107
v 46 95
v 47 100
v 48 113
v 49 98
v 50 114
e 23 18 21
e 30 20 21
e 18 46 21
e 2 7 10
e 40 29 21
e 16 37 21
e 15 18 9
e 40 39 21
e 45 7 20
e 22 43 21
e 16 7 21
e 16 1 21
e 7 49 10
e 39 3 21
e 43 49 10
e 18 49 21
e 15 8 20
e 13 11 9
e 2 1 21
e 4 23 10
e 4 12 10
e 48 1 21
e 30 37 17
e 23 48 10
e 29 1 10
e 23 14 21
e 30 46 17
e 4 1 21
e 18 8 21
e 30 7 21
e 29 11 10
e 2 37 10
e 47 16 9
e 4 11 10
e 4 48 10
e 29 7 10
e 16 46 21
e 18 43 21
e 33 40 20
e 29 43 10
e 16 3 21
e 40 2 21
e 36 37 20
e 45 37 20
e 4 7 10
e 28 30 9
e 29 38 10
e 40 20 21
e 30 20 17
e 23 43 21
e 4 8 10
e 48 11 21
e 23 49 21
e 40 37 21
e 38 3 21
e 40 49 21
e 4 2 21
e 40 38 21
e 12 8 21
e 18 1 21
e 30 1 17
e 34 2 15
e 2 22 10
e 40 14 21
e 4 37 10
e 18 11 21
e 2 49 10
e 4 3 21
e 23 1 21
e 20 37 10
e 18 37 21
e 29 27 12
e 18 17 12
e 40 30 21
e 32 12 15
e 4 20 21
e 40 23 21
e 48 43 21
e 15 22 20
e 23 22 21
e 18 12 21
e 4 29 21
e 30 49 21
e 29 18 10
e 20 43 10
e 2 38 21
e 29 30 10
e 12 20 21
e 30 22 21
e 5 3 20
e 1 0 12
e 14 11 10
e 29 8 10
e 16 22 21
e 24 45 1
e 46 44 1
e 2 20 21
e 4 18 10
e 2 39 21
e 23 12 21
e 4 43 10
e 41 39 9
e 31 37 9
e 40 8 21
e 12 46 21
e 30 7 17
e 40 46 21
e 39 38 10
e 48 37 21
e 16 14 21
e 40 43 21
e 16 38 21
e 46 7 21
e 2 18 10
e 29 22 10
e 29 20 10
e 36 18 20
e 18 7 21
e 23 8 21
e 40 4 17
e 2 23 10
e 2 16 10
e 40 18 21
e 40 7 21
e 16 18 10
e 40 12 21
e 22 49 10
e 30 22 17
e 50 38 20
e 37 43 21
e 10 16 9
e 29 37 10
e 48 8 21
e 29 46 10
e 20 31 12
e 23 46 21
e 19 14 20
e 16 12 21
e 29 3 21
e 17 12 20
e 48 20 21
e 8 19 1
e 1 7 10
e 16 15 12
e 25 43 20
e 4 14 21
e 2 8 10
e 18 14 21
e 9 16 9
e 16 49 21
e 4 46 10
e 16 30 10
e 30 46 21
e 21 20 20
e 18 30 10
e 12 37 21
e 2 43 10
e 14 13 12
e 12 11 21
e 12 43 21
e 48 46 21
e 40 1 21
e 23 39 21
e 43 42 12
e 16 29 21
e 44 1 20
e 16 8 21
e 29 39 21
e 4 16 10
e 2 30 10
e 23 20 21
e 41 38 9
e 29 41 11
e 8 14 21
e 23 3 21
e 40 48 10
e 12 22 21
e 16 20 21
e 48 7 21
e 16 11 21
e 4 49 10
e 2 48 10
e 4 22 10
e 1 49 10
e 39 3 13
e 16 39 21
e 48 45 12
e 22 37 21
e 36 7 20
e 48 14 21
e 4 30 10
e 2 29 21
e 23 38 21
e 12 7 21
e 12 14 21
e 2 12 10
e 46 49 10
e 30 37 21
e 24 48 9
e 12 49 21
e 40 22 21
e 2 11 10
e 12 30 10
e 2 46 10
e 18 22 21
e 30 43 17
e 20 49 10
e 12 1 21
e 16 23 10
e 15 46 20
e 8 11 10
e 18 20 21
e 4 39 21
e 42 49 9
e 29 12 10
e 7 6 12
e 16 48 10
e 46 1 21
e 2 14 21
e 40 4 21
e 33 4 15
e 26 29 20
e 40 16 21
e 38 5 1
e 39 38 2
e 6 49 9
e 40 3 21
e 23 37 21
e 48 30 21
e 15 23 4
e 48 49 21
e 37 35 12
e 48 12 21
e 23 11 21
e 30 1 21
e 35 43 9
e 30 43 21
e 37 49 10
e 4 38 21
e 29 49 10
e 23 29 21
e 22 20 21
e 48 22 21
e 48 18 21
e 29 14 10
e 45 18 20
e 16 43 21
e 22 21 1
e 23 7 21
e 23 30 10
e 2 3 21
e 27 36 1
e 40 11 21
e 0 7 9
-
t # 11 U 1
v 0 109
v 1 115
v 2 115
v 3 116
v 4 117
v 5 5
v 6 5
v 7 118
v 8 119
v 9 120
v 10 112
v 11 1
v 12 121
v 13 5
v 14 122
v 15 123
v 16 109
v 17 124
v 18 54
v 19 5
v 20 5
v 21 125
v 22 126
v 23 127
v 24 128
v 25 5
v 26 129
v 27 106
v 28 5
v 29 130
v 30 74
v 31 131
v 32 132
v 33 11
v 34 133
v 35 134
v 36 135
v 37 17
v 38 136
v 39 137
v 40 138
v 41 15
v 42 13
v 43 139
v 44 5
v 45 140
v 46 4
v 47 141
v 48 2
v 49 142
v 50 143
v 51 113
e 29 51 21
e 29 46 21
e 46 42 10
e 21 45 10
e 18 51 10
e 14 45 10
e 21 18 21
e 30 23 9
e 21 42 21
e 47 18 21
e 16 31 10
e 45 12 21
e 12 33 21
e 21 17 21
e 40 22 21
e 8 6 12
e 8 17 10
e 12 51 21
e 50 8 21
e 29 12 21
e 47 11 21
e 31 46 21
e 7 47 10
e 50 51 21
e 32 0 20
e 29 18 21
e 50 40 21
e 26 11 21
e 27 51 9
e 31 12 21
e 33 48 11
e 45 51 21
e 50 42 21
e 22 51 21
e 21 46 21
e 18 46 21
e 17 11 21
e 7 22 10
e 31 18 21
e 26 40 10
e 0 11 21
e 7 8 10
e 42 11 21
e 26 45 10
e 26 12 21
e 8 51 21
e 50 22 21
e 14 12 21
e 14 31 10
e 16 11 21
e 45 22 21
e 16 26 10
e 17 42 21
e 50 26 21
e 14 13 12
e 47 17 21
e 8 11 21
e 7 14 10
e 34 31 20
e 47 42 21
e 26 46 21
e 2 24 10
e 38 2 20
e 7 31 10
e 26 33 21
e 1 24 10
e 0 18 21
e 47 12 21
e 36 2 20
e 7 51 21
e 16 7 10
e 14 22 10
e 40 18 21
e 40 12 21
e 46 11 13
e 31 17 21
e 33 11 21
e 0 47 10
e 47 51 21
e 31 47 10
e 0 46 21
e 21 47 10
e 0 42 21
e 47 46 21
e 45 17 21
e 26 22 21
e 22 46 21
e 45 11 21
e 14 18 21
e 40 11 21
e 7 12 10
e 14 33 21
e 14 21 10
e 4 47 4
e 14 11 21
e 50 49 12
e 47 22 21
e 0 7 10
e 50 33 21
e 0 16 17
e 31 51 21
e 50 17 21
e 21 31 10
e 48 46 9
e 7 5 12
e 29 8 21
e 14 40 10
e 4 17 4
e 12 18 21
e 48 42 9
e 47 33 21
e 50 31 21
e 17 46 21
e 16 18 21
e 50 46 21
e 21 22 10
e 50 12 21
e 16 46 21
e 22 11 21
e 29 17 21
e 35 34 12
e 14 17 10
e 29 40 10
e 42 41 1
e 21 40 10
e 29 33 21
e 21 51 21
e 4 29 4
e 31 33 21
e 3 1 15
e 45 40 21
e 8 33 21
e 4 8 4
e 4 12 4
e 21 26 10
e 0 29 10
e 7 33 21
e 3 2 15
e 14 26 10
e 31 8 21
e 16 22 10
e 14 42 21
e 16 29 10
e 40 33 21
e 16 40 10
e 12 17 10
e 9 7 20
e 47 40 21
e 21 19 12
e 31 40 10
e 0 17 10
e 12 42 21
e 50 18 21
e 16 17 10
e 15 14 20
e 26 47 10
e 50 11 21
e 29 47 10
e 7 26 10
e 50 14 21
e 40 8 21
e 0 14 10
e 43 42 20
e 16 14 10
e 13 21 4
e 12 11 21
e 50 45 21
e 8 46 21
e 16 45 10
e 31 11 21
e 17 33 21
e 47 8 21
e 21 8 21
e 29 11 21
e 46 42 2
e 31 42 21
e 26 8 21
e 49 7 15
e 45 42 21
e 18 33 21
e 29 26 21
e 26 18 21
e 0 33 21
e 31 22 21
e 10 24 4
e 16 42 21
e 0 45 10
e 50 21 21
e 45 8 21
e 7 21 10
e 0 21 10
e 18 17 10
e 40 46 21
e 12 8 21
e 22 18 21
e 16 12 10
e 16 50 10
e 22 20 12
e 47 45 21
e 7 46 21
e 8 42 21
e 14 8 21
e 22 42 21
e 16 8 10
e 45 44 12
e 0 12 10
e 14 51 21
e 17 51 21
e 40 51 21
e 46 11 21
e 29 31 10
e 33 46 21
e 22 17 21
e 26 51 21
e 7 45 10
e 21 12 21
e 16 51 10
e 4 22 4
e 12 46 21
e 5 14 4
e 40 17 21
e 0 40 10
e 50 7 21
e 40 42 21
e 16 33 21
e 26 17 21
e 0 22 10
e 31 45 10
e 16 47 10
e 7 42 21
e 0 26 10
e 14 46 21
e 26 25 12
e 12 22 10
e 14 47 10
e 0 31 10
e 0 16 21
e 21 33 21
e 26 42 21
e 37 33 20
e 7 18 21
e 29 28 12
e 39 1 20
e 29 22 21
e 7 40 10
e 7 17 10
e 41 11 20
e 45 33 21
e 16 21 10
e 0 50 10
e 0 51 10
e 8 22 10
e 21 11 21
e 33 42 10
e 18 42 21
e 29 45 10
e 29 42 21
e 2 1 21
e 22 33 21
e 44 40 4
e 8 18 21
e 50 47 21
e 7 11 21
e 45 18 21
e 0 8 10
e 26 31 10
e 18 11 21
e 45 46 21
e 32 16 20
e 22 18 20
e 21 26 9
e 26 35 9
e 8 23 9
e 29 26 20
-
t # 12 U 1
v 0 4
v 1 144
v 2 8
v 3 145
v 4 113
v 5 146
v 6 147
v 7 17
v 8 5
v 9 11
v 10 12
v 11 0
v 12 148
v 13 17
v 14 149
v 15 150
v 16 16
v 17 5
v 18 0
v 19 151
v 20 0
v 21 109
v 22 7
v 23 17
v 24 106
v 25 17
e 1 2 12
e 6 1 21
e 5 11 21
e 9 5 10
e 2 22 20
e 6 21 21
e 9 22 21
e 21 11 17
e 10 16 4
e 21 22 21
e 4 15 10
e 1 11 21
e 6 15 10
e 19 1 20
e 9 11 21
e 12 15 9
e 4 20 21
e 21 1 10
e 23 1 4
e 25 15 9
e 9 10 1
e 1 5 10
e 6 9 21
e 21 1 6
e 21 18 21
e 6 0 21
e 9 16 10
e 6 4 17
e 4 21 21
e 23 21 9
e 25 6 9
e 6 16 21
e 13 15 9
e 0 18 21
e 22 16 10
e 4 0 21
e 21 0 21
e 1 22 21
e 9 1 10
e 0 15 2
e 4 22 21
e 10 22 15
e 25 9 20
e 21 22 17
e 6 4 21
e 4 13 12
e 14 4 20
e 16 17 12
e 21 15 10
e 12 0 20
e 16 5 10
e 23 18 20
e 21 20 21
e 21 9 21
e 4 16 21
e 22 5 10
e 4 1 10
e 6 22 21
e 21 5 10
e 3 15 9
e 7 15 9
e 6 20 21
e 4 18 21
e 24 20 20
e 14 13 12
e 6 5 21
e 6 11 21
e 21 16 21
e 13 9 20
e 4 11 21
e 4 9 21
e 4 5 10
e 21 11 21
e 5 8 12
e 21 20 17
e 0 15 10
e 1 16 21
e 16 11 21
e 15 18 21
e 6 18 21
e 22 11 21
e 16 5 9
e 5 11 20
-
t # 13 U 1
v 0 8
v 1 17
v 2 47
v 3 3
v 4 5
v 5 74
v 6 65
v 7 1
v 8 55
v 9 8
v 10 16
v 11 24
v 12 5
v 13 152
v 14 2
v 15 0
v 16 55
v 17 153
v 18 154
v 19 7
v 20 64
v 21 66
v 22 5
v 23 155
v 24 145
v 25 12
v 26 11
v 27 4
v 28 155
v 29 156
e 10 16 10
e 6 4 12
e 9 3 20
e 10 3 21
e 3 16 10
e 10 15 21
e 23 8 21
e 27 17 2
e 17 13 12
e 1 23 9
e 27 7 13
e 26 16 10
e 10 9 12
e 16 28 10
e 19 6 10
e 27 17 10
e 28 8 21
e 12 23 4
e 16 23 10
e 8 6 10
e 26 19 21
e 28 6 21
e 19 23 10
e 19 21 10
e 25 19 15
e 27 7 21
e 10 21 10
e 19 16 10
e 19 10 10
e 21 8 21
e 2 8 9
e 26 25 1
e 26 21 10
e 1 26 20
e 23 15 21
e 21 20 12
e 16 6 10
e 3 8 10
e 13 7 20
e 23 22 12
e 26 10 10
e 14 27 9
e 3 28 10
e 20 8 15
e 10 28 10
e 10 23 10
e 18 16 20
e 3 6 10
e 16 12 12
e 16 8 21
e 22 28 4
e 23 6 21
e 3 21 10
e 21 23 10
e 26 8 10
e 5 8 20
e 6 15 21
e 14 17 9
e 23 28 21
e 21 6 21
e 26 15 21
e 1 17 9
e 26 6 10
e 28 15 21
e 24 17 9
e 10 8 10
e 26 28 10
e 20 16 15
e 3 23 10
e 26 3 21
e 29 28 20
e 10 6 10
e 3 15 21
e 19 28 10
e 0 19 20
e 26 23 10
e 25 10 4
e 20 6 4
e 19 3 21
e 21 16 21
e 19 8 10
e 19 15 21
e 8 15 21
e 17 7 21
e 21 15 21
e 21 28 10
e 3 2 1
e 16 15 21
e 11 8 9
e 6 15 20
-
t # 14 U 1
v 0 5
v 1 8
v 2 7
v 3 155
v 4 145
v 5 5
v 6 12
v 7 55
v 8 154
v 9 4
v 10 11
v 11 5
v 12 157
v 13 153
v 14 17
v 15 158
v 16 159
v 17 113
v 18 64
v 19 66
v 20 5
v 21 160
v 22 149
v 23 5
v 24 65
v 25 17
v 26 55
v 27 1
v 28 155
v 29 8
v 30 16
v 31 156
v 32 152
v 33 109
v 34 2
v 35 0
e 10 6 1
e 28 35 21
e 5 3 4
e 9 27 13
e 14 33 9
e 10 19 10
e 10 30 10
e 14 10 20
e 17 26 21
e 1 2 20
e 4 13 9
e 22 25 12
e 0 28 4
e 10 7 10
e 3 21 10
e 7 5 12
e 30 28 10
e 19 21 10
e 12 24 21
e 33 30 21
e 30 12 10
e 17 35 21
e 14 3 9
e 21 26 21
e 33 24 21
e 33 27 21
e 19 28 10
e 2 28 10
e 7 26 21
e 26 24 10
e 2 24 10
e 7 24 10
e 30 3 10
e 33 28 10
e 28 12 10
e 19 7 21
e 33 10 21
e 17 25 12
e 9 27 21
e 17 28 10
e 3 28 21
e 10 24 10
e 9 13 2
e 29 21 9
e 19 26 21
e 34 9 9
e 17 13 10
e 33 17 6
e 10 2 21
e 33 19 21
e 8 7 20
e 17 30 21
e 10 26 10
e 26 35 21
e 3 26 21
e 12 26 21
e 25 10 20
e 28 24 21
e 33 13 10
e 21 24 21
e 19 35 21
e 2 19 10
e 33 12 10
e 30 35 21
e 19 12 10
e 16 12 20
e 3 12 10
e 33 3 10
e 6 2 15
e 13 27 21
e 28 21 10
e 7 3 10
e 24 23 12
e 19 3 10
e 7 28 10
e 3 35 21
e 25 3 9
e 30 29 12
e 3 24 21
e 7 21 10
e 13 32 12
e 17 10 21
e 6 30 4
e 32 27 20
e 2 3 10
e 22 17 20
e 17 7 21
e 21 35 21
e 31 28 20
e 30 26 10
e 2 35 21
e 10 12 10
e 33 35 21
e 30 19 10
e 17 19 21
e 33 2 21
e 18 26 15
e 3 0 12
e 17 24 21
e 33 21 10
e 2 21 10
e 2 7 10
e 10 28 10
e 14 13 9
e 33 26 21
e 21 20 12
e 10 21 10
e 30 24 10
e 33 17 10
e 2 12 10
e 17 2 21
e 30 21 10
e 34 13 9
e 19 18 12
e 17 3 10
e 7 12 10
e 19 24 21
e 7 35 21
e 21 12 21
e 25 13 9
e 10 3 10
e 15 12 20
e 12 11 12
e 24 35 21
e 17 27 21
e 30 7 10
e 20 12 4
e 2 26 10
e 18 24 4
e 10 35 21
e 2 30 10
e 12 35 21
e 17 21 10
e 18 7 15
e 9 13 10
e 28 26 21
e 33 7 21
e 17 12 10
e 24 35 20
e 12 26 20
-
t # 15 U 1
v 0 49
v 1 24
v 2 5
v 3 8
v 4 161
v 5 162
v 6 163
v 7 44
v 8 5
v 9 164
v 10 113
v 11 165
v 12 50
v 13 17
v 14 5
v 15 4
v 16 166
v 17 73
v 18 17
v 19 5
v 20 167
v 21 8
v 22 9
v 23 46
v 24 5
v 25 161
v 26 168
v 27 156
v 28 169
v 29 170
v 30 171
v 31 17
v 32 152
v 33 5
v 34 77
v 35 153
v 36 167
v 37 172
v 38 168
v 39 5
v 40 71
v 41 1
v 42 173
v 43 9
v 44 174
v 45 151
v 46 18
v 47 5
v 48 175
v 49 17
v 50 8
v 51 176
v 52 170
v 53 177
v 54 18
v 55 152
v 56 153
v 57 9
v 58 178
v 59 5
v 60 179
v 61 4
v 62 162
v 63 1
v 64 180
v 65 181
v 66 19
v 67 113
v 68 171
v 69 2
v 70 0
v 71 5
v 72 43
v 73 162
v 74 182
v 75 19
v 76 183
v 77 113
v 78 184
v 79 19
v 80 17
v 81 5
v 82 113
v 83 185
v 84 171
v 85 74
v 86 186
v 87 5
v 88 17
v 89 74
v 90 187
v 91 188
v 92 17
e 22 52 9
e 25 5 10
e 35 41 21
e 10 34 21
e 76 84 15
e 48 70 21
e 54 84 9
e 62 53 10
e 48 9 21
e 16 62 21
e 85 51 9
e 4 82 21
e 29 67 17
e 48 90 10
e 42 5 21
e 66 44 7
e 5 34 21
e 60 90 10
e 0 34 9
e 5 7 21
e 52 53 10
e 77 80 12
e 48 67 21
e 60 29 21
e 52 64 10
e 34 23 21
e 48 16 21
e 53 67 21
e 29 77 17
e 52 49 12
e 73 16 10
e 79 26 7
e 18 25 4
e 64 76 1
e 64 5 21
e 39 42 4
e 21 26 4
e 62 34 21
e 9 23 21
e 8 5 4
e 90 82 21
e 29 34 21
e 76 30 15
e 29 10 21
e 50 38 4
e 79 51 7
e 90 12 21
e 25 42 10
e 16 9 21
e 5 10 21
e 64 70 21
e 7 34 10
e 77 34 21
e 29 67 21
e 90 4 21
e 48 53 10
e 10 70 21
e 5 12 21
e 46 44 9
e 26 20 12
e 62 10 21
e 90 87 12
e 9 77 21
e 16 14 12
e 48 12 21
e 61 63 13
e 60 82 21
e 64 42 21
e 68 39 12
e 53 50 12
e 90 10 21
e 92 7 9
e 16 70 21
e 52 29 21
e 5 3 12
e 67 7 21
e 12 23 21
e 18 52 4
e 64 53 21
e 45 62 9
e 54 52 9
e 5 77 21
e 85 75 20
e 60 16 21
e 60 70 21
e 60 48 21
e 90 77 21
e 25 64 10
e 64 67 21
e 60 7 21
e 89 79 20
e 90 67 21
e 57 12 9
e 42 73 21
e 56 63 21
e 25 52 10
e 15 41 21
e 52 73 21
e 62 82 21
e 11 13 12
e 60 34 21
e 60 67 21
e 4 29 10
e 4 2 12
e 52 70 21
e 82 70 21
e 53 29 21
e 78 80 12
e 52 16 21
e 85 66 20
e 64 34 21
e 25 73 10
e 64 10 21
e 25 67 21
e 88 7 9
e 67 23 21
e 4 67 17
e 35 32 12
e 9 53 10
e 5 70 21
e 62 70 21
e 29 10 17
e 23 70 21
e 64 73 21
e 64 90 10
e 13 7 9
e 89 75 20
e 60 57 12
e 25 34 21
e 9 62 21
e 25 4 21
e 18 64 4
e 42 23 21
e 48 23 21
e 60 10 21
e 62 12 21
e 16 77 21
e 43 66 9
e 73 71 12
e 89 51 9
e 42 90 10
e 60 12 21
e 61 56 10
e 40 56 9
e 67 70 21
e 60 9 21
e 48 10 21
e 24 62 4
e 48 47 12
e 73 34 21
e 16 90 10
e 81 73 4
e 29 7 21
e 12 82 10
e 42 77 21
e 12 67 10
e 5 53 10
e 12 29 10
e 4 77 17
e 90 7 21
e 42 4 21
e 16 29 10
e 64 7 21
e 16 5 21
e 73 62 21
e 29 77 21
e 54 42 9
e 82 88 12
e 22 42 9
e 4 82 17
e 52 90 10
e 72 12 9
e 48 82 21
e 48 7 21
e 10 7 21
e 25 9 10
e 12 34 10
e 73 29 10
e 56 55 12
e 62 7 21
e 42 10 21
e 62 59 12
e 64 77 21
e 69 35 9
e 60 23 21
e 77 7 21
e 90 34 21
e 52 10 21
e 53 4 21
e 17 34 4
e 62 4 21
e 66 26 7
e 52 23 21
e 67 34 21
e 16 10 21
e 90 23 21
e 64 48 21
e 73 10 21
e 82 23 21
e 29 70 21
e 9 34 21
e 9 90 10
e 16 82 21
e 74 70 20
e 77 23 21
e 53 77 21
e 15 35 2
e 5 67 21
e 64 60 21
e 43 26 9
e 25 60 10
e 48 77 21
e 73 82 21
e 73 9 10
e 45 73 9
e 64 9 21
e 48 29 21
e 86 82 20
e 9 8 12
e 11 10 20
e 5 82 21
e 91 92 12
e 66 51 7
e 42 9 21
e 4 7 21
e 1 68 9
e 4 23 21
e 25 16 10
e 54 29 9
e 7 23 10
e 53 23 21
e 38 36 12
e 62 90 10
e 29 82 17
e 25 48 10
e 15 35 10
e 31 90 4
e 12 7 21
e 62 67 21
e 42 60 10
e 73 12 21
e 42 16 21
e 52 82 21
e 1 43 12
e 77 70 21
e 73 4 21
e 5 62 21
e 52 77 21
e 3 12 9
e 42 82 21
e 12 0 12
e 25 77 21
e 42 34 21
e 43 44 9
e 4 10 21
e 33 23 4
e 9 67 21
e 42 48 10
e 73 70 21
e 73 7 21
e 60 53 21
e 42 19 12
e 52 34 21
e 52 5 21
e 64 4 21
e 25 70 21
e 61 63 21
e 42 53 10
e 62 77 21
e 84 81 12
e 25 22 12
e 42 62 21
e 89 12 20
e 25 29 10
e 10 13 12
e 36 51 9
e 64 82 21
e 91 67 20
e 60 73 21
e 62 29 10
e 79 44 7
e 52 9 21
e 82 34 21
e 25 62 10
e 12 4 10
e 9 82 21
e 16 4 21
e 5 90 10
e 52 42 10
e 60 62 21
e 52 62 21
e 53 10 21
e 34 70 21
e 4 10 17
e 73 77 21
e 9 5 21
e 45 5 9
e 73 90 10
e 55 63 20
e 7 70 21
e 16 7 21
e 64 29 21
e 52 67 21
e 53 90 10
e 9 4 21
e 83 48 15
e 4 67 21
e 10 23 21
e 48 62 21
e 58 56 20
e 29 82 21
e 61 56 2
e 6 4 20
e 4 34 21
e 16 34 21
e 53 7 21
e 4 70 21
e 15 41 13
e 67 92 12
e 25 7 21
e 64 62 21
e 25 23 21
e 9 12 21
e 52 12 21
e 80 7 9
e 7 17 1
e 9 7 21
e 73 5 21
e 79 38 7
e 73 23 21
e 52 7 21
e 34 33 12
e 53 12 21
e 52 60 10
e 42 7 21
e 62 23 21
e 86 88 12
e 60 5 21
e 32 41 20
e 60 4 21
e 90 29 21
e 43 38 9
e 60 77 21
e 40 61 20
e 28 30 9
e 27 25 9
e 64 12 21
e 53 34 21
e 43 79 9
e 9 70 21
e 23 21 12
e 79 66 17
e 66 38 7
e 69 15 9
e 16 53 10
e 25 12 21
e 90 70 21
e 25 82 21
e 49 29 4
e 52 48 10
e 25 10 21
e 42 29 21
e 12 70 21
e 52 4 21
e 76 68 15
e 12 10 10
e 64 23 21
e 49 4 4
e 48 4 21
e 20 51 9
e 42 67 21
e 53 70 21
e 16 23 21
e 53 82 21
e 48 5 21
e 25 90 10
e 9 29 10
e 65 64 20
e 25 53 10
e 12 77 10
e 5 29 10
e 73 53 10
e 75 74 1
e 64 16 21
e 29 23 21
e 82 7 21
e 16 12 21
e 47 16 4
e 4 77 21
e 42 12 21
e 5 4 21
e 5 23 21
e 9 10 21
e 37 35 20
e 78 77 20
e 42 70 21
e 48 34 21
e 30 24 12
e 73 67 21
e 1 75 20
e 16 67 21
e 90 12 20
e 73 16 9
e 16 9 20
e 62 53 9
e 42 60 9
e 4 29 9
-
t # 16 U 1
v 0 0
v 1 189
v 2 5
v 3 11
v 4 1
v 5 17
v 6 190
v 7 4
v 8 152
v 9 153
v 10 2
e 3 10 11
e 8 4 20
e 9 8 12
e 3 9 10
e 6 9 20
e 9 4 21
e 10 7 9
e 3 2 12
e 5 3 20
e 7 9 2
e 7 9 10
e 7 4 13
e 3 0 21
e 10 9 9
e 7 4 21
e 3 4 21
e 3 7 21
e 1 9 20
e 5 9 9
e 3 0 20
-
t # 17 U 1
v 0 5
v 1 157
v 2 158
v 3 159
v 4 151
v 5 7
v 6 2
v 7 0
v 8 5
v 9 144
v 10 17
v 11 5
v 12 17
v 13 16
v 14 152
v 15 153
v 16 7
v 17 191
v 18 4
v 19 12
v 20 11
v 21 5
v 22 160
v 23 1
v 24 8
e 18 15 2
e 14 23 20
e 5 22 10
e 20 7 21
e 16 1 10
e 19 16 15
e 9 1 10
e 22 1 21
e 22 21 12
e 20 22 10
e 20 1 10
e 13 11 12
e 22 7 21
e 9 8 12
e 18 15 10
e 6 18 9
e 20 19 1
e 15 23 21
e 9 7 21
e 5 16 21
e 13 22 10
e 18 23 21
e 20 9 10
e 5 7 21
e 5 13 10
e 19 5 15
e 9 13 21
e 6 15 9
e 24 16 20
e 9 22 10
e 1 7 21
e 16 22 10
e 16 7 21
e 13 7 21
e 5 1 10
e 20 5 21
e 16 13 10
e 2 1 20
e 20 16 21
e 21 1 4
e 15 14 12
e 12 20 20
e 17 15 20
e 4 9 20
e 9 16 21
e 18 23 13
e 19 13 4
e 3 1 20
e 1 0 12
e 10 9 4
e 9 5 21
e 20 13 10
e 13 1 10
e 1 7 20
e 9 5 20
e 13 22 9
-
t # 18 U 1
v 0 192
v 1 17
v 2 193
v 3 17
v 4 47
v 5 185
v 6 5
v 7 5
v 8 17
v 9 55
v 10 46
v 11 5
v 12 17
v 13 9
v 14 55
v 15 154
v 16 151
v 17 17
v 18 17
v 19 5
v 20 17
v 21 194
v 22 5
v 23 1
v 24 77
v 25 5
v 26 187
v 27 5
v 28 155
v 29 5
v 30 5
v 31 17
v 32 65
v 33 144
v 34 5
v 35 55
v 36 55
v 37 155
v 38 156
v 39 17
v 40 14
v 41 147
v 42 155
v 43 8
v 44 17
v 45 152
v 46 49
v 47 113
v 48 153
v 49 50
v 50 17
v 51 178
v 52 4
v 53 113
v 54 17
v 55 195
v 56 196
v 57 71
v 58 0
v 59 113
v 60 113
v 61 152
v 62 144
v 63 64
v 64 153
v 65 66
v 66 172
v 67 113
v 68 73
v 69 44
v 70 4
v 71 17
v 72 5
v 73 197
v 74 2
v 75 1
v 76 155
v 77 198
v 78 17
e 26 49 21
e 49 65 10
e 67 36 21
e 5 73 4
e 37 42 21
e 37 40 21
e 33 21 10
e 0 36 21
e 67 58 21
e 24 67 10
e 41 36 21
e 8 59 9
e 67 9 21
e 73 58 21
e 41 21 10
e 24 32 21
e 10 58 21
e 0 58 21
e 53 21 10
e 14 11 12
e 10 53 10
e 16 33 20
e 24 59 10
e 28 62 21
e 52 48 10
e 13 35 9
e 60 35 21
e 41 9 21
e 49 59 10
e 74 64 9
e 2 35 21
e 76 73 10
e 49 40 21
e 52 75 21
e 49 60 10
e 0 21 10
e 73 36 21
e 47 65 21
e 42 32 21
e 2 37 21
e 33 60 21
e 59 62 10
e 24 76 10
e 14 58 21
e 10 73 10
e 69 36 10
e 14 9 21
e 14 62 10
e 11 28 4
e 31 28 9
e 62 40 21
e 36 58 21
e 49 53 10
e 24 37 10
e 2 73 10
e 35 9 21
e 24 62 10
e 2 14 21
e 26 60 21
e 60 37 10
e 26 9 21
e 69 10 10
e 49 46 12
e 9 58 21
e 35 32 10
e 76 21 10
e 0 59 21
e 47 73 10
e 16 62 20
e 60 14 21
e 0 28 21
e 41 40 21
e 33 32 21
e 65 21 10
e 33 24 21
e 14 21 10
e 35 62 10
e 57 48 9
e 0 62 21
e 73 32 21
e 33 69 21
e 27 37 4
e 10 40 21
e 2 67 21
e 26 14 21
e 49 14 10
e 69 47 10
e 42 36 21
e 48 45 12
e 60 65 21
e 37 9 21
e 69 9 10
e 53 76 10
e 26 65 21
e 76 9 21
e 49 62 10
e 10 47 10
e 49 42 10
e 65 37 10
e 53 65 21
e 0 14 21
e 41 60 21
e 65 14 21
e 60 76 10
e 65 40 21
e 8 31 12
e 49 67 10
e 47 28 10
e 59 42 10
e 67 14 21
e 26 24 21
e 24 28 10
e 14 76 10
e 63 14 15
e 76 58 21
e 67 65 21
e 33 49 21
e 24 36 21
e 8 71 12
e 41 2 10
e 9 40 21
e 2 62 21
e 60 40 21
e 14 40 21
e 67 35 21
e 73 72 12
e 2 59 21
e 65 28 10
e 62 36 21
e 14 32 10
e 32 30 12
e 47 32 21
e 28 73 10
e 59 40 21
e 21 58 21
e 41 32 21
e 48 75 21
e 41 42 10
e 24 2 10
e 35 21 10
e 33 10 21
e 41 59 21
e 57 52 20
e 28 35 21
e 0 65 21
e 0 73 10
e 28 21 10
e 0 10 21
e 62 25 12
e 69 76 10
e 78 28 9
e 49 10 21
e 70 64 2
e 47 50 12
e 12 54 12
e 64 61 12
e 33 9 21
e 69 60 10
e 28 40 21
e 69 21 10
e 14 42 10
e 2 32 21
e 73 21 21
e 33 28 10
e 53 9 21
e 28 9 21
e 67 73 10
e 33 40 21
e 0 33 21
e 41 35 21
e 60 32 21
e 64 23 21
e 10 9 10
e 24 53 10
e 24 14 21
e 24 65 21
e 67 40 21
e 59 76 10
e 2 58 21
e 0 42 21
e 65 32 21
e 41 28 10
e 69 24 10
e 59 9 21
e 37 36 21
e 69 65 10
e 53 58 21
e 35 40 21
e 35 34 12
e 26 42 21
e 65 35 21
e 59 28 10
e 26 4 12
e 2 65 21
e 67 21 10
e 53 42 10
e 10 14 10
e 24 60 10
e 37 76 21
e 24 10 21
e 47 62 10
e 56 49 20
e 47 36 21
e 35 42 10
e 67 62 10
e 60 42 10
e 49 28 10
e 60 28 10
e 40 58 21
e 77 76 20
e 28 27 12
e 41 0 10
e 62 32 21
e 41 69 21
e 33 42 10
e 26 33 21
e 41 58 21
e 65 62 10
e 67 76 10
e 63 9 15
e 26 47 21
e 53 36 21
e 41 73 10
e 35 58 21
e 28 42 21
e 49 9 10
e 41 24 21
e 26 58 21
e 49 69 21
e 10 28 10
e 37 21 10
e 36 32 10
e 26 10 21
e 14 35 21
e 10 35 10
e 24 9 21
e 26 32 21
e 55 49 20
e 44 62 4
e 40 32 10
e 52 75 13
e 49 2 10
e 49 37 10
e 49 35 10
e 10 32 10
e 62 9 21
e 10 65 10
e 2 36 21
e 65 73 10
e 53 28 10
e 59 73 10
e 1 78 12
e 24 42 10
e 2 42 21
e 14 37 10
e 62 42 10
e 13 49 9
e 26 40 21
e 37 62 21
e 69 37 10
e 67 28 10
e 0 32 21
e 68 24 4
e 60 78 12
e 14 36 21
e 69 73 10
e 59 37 10
e 60 21 10
e 37 73 10
e 39 36 9
e 73 42 21
e 0 69 21
e 3 50 12
e 26 41 21
e 49 47 10
e 9 42 10
e 35 76 10
e 9 6 12
e 18 62 4
e 0 35 21
e 0 24 21
e 26 73 10
e 72 21 4
e 26 0 10
e 12 53 9
e 17 26 4
e 10 21 10
e 24 47 10
e 24 73 10
e 0 40 21
e 0 9 21
e 53 54 12
e 67 32 21
e 49 36 10
e 28 37 21
e 69 68 1
e 26 21 10
e 69 59 10
e 21 9 21
e 0 60 21
e 53 73 10
e 33 62 21
e 6 42 4
e 59 35 21
e 70 23 21
e 24 22 12
e 40 36 10
e 74 70 9
e 22 10 4
e 34 76 4
e 26 28 21
e 24 35 21
e 33 2 10
e 69 67 10
e 63 35 15
e 76 40 21
e 33 73 10
e 62 21 10
e 69 58 21
e 59 31 12
e 47 37 10
e 2 47 21
e 2 76 21
e 51 48 20
e 49 24 10
e 65 9 21
e 53 37 10
e 54 28 9
e 10 7 12
e 53 32 21
e 59 14 21
e 76 36 21
e 21 32 21
e 69 62 10
e 59 21 10
e 67 42 10
e 73 40 21
e 3 47 9
e 69 53 10
e 65 58 21
e 41 33 21
e 60 73 10
e 41 10 21
e 41 53 21
e 21 36 21
e 24 40 21
e 0 53 21
e 33 58 21
e 53 40 21
e 2 28 21
e 33 47 21
e 2 9 21
e 33 29 12
e 69 14 10
e 40 39 1
e 37 35 21
e 60 9 21
e 0 44 12
e 47 58 21
e 53 14 21
e 49 73 10
e 10 67 10
e 62 58 21
e 32 58 21
e 69 2 10
e 26 35 21
e 65 36 21
e 28 58 21
e 10 59 10
e 0 76 21
e 26 59 21
e 41 76 10
e 2 40 21
e 37 58 21
e 0 37 21
e 69 40 21
e 20 69 9
e 41 67 21
e 43 40 9
e 9 32 10
e 65 63 12
e 47 76 10
e 18 33 4
e 18 41 9
e 33 53 21
e 60 36 21
e 10 62 10
e 41 62 21
e 21 42 21
e 65 76 10
e 52 48 2
e 2 60 21
e 59 32 21
e 28 32 21
e 59 58 21
e 21 19 12
e 50 28 9
e 70 64 10
e 73 9 21
e 38 37 20
e 49 21 10
e 14 28 10
e 41 0 6
e 26 69 21
e 14 73 10
e 42 58 21
e 76 32 21
e 2 43 12
e 0 49 21
e 26 2 10
e 33 35 21
e 41 47 21
e 63 32 4
e 10 36 10
e 67 71 12
e 44 33 4
e 35 73 10
e 69 28 10
e 41 37 10
e 24 21 10
e 28 36 21
e 61 23 20
e 33 76 10
e 8 67 9
e 26 37 21
e 63 36 15
e 0 2 10
e 26 76 21
e 69 42 10
e 2 21 10
e 76 42 21
e 53 35 21
e 24 58 21
e 47 14 21
e 10 60 10
e 10 42 10
e 21 40 21
e 47 42 10
e 53 62 10
e 0 47 21
e 2 53 21
e 47 40 21
e 47 21 10
e 42 40 21
e 0 67 21
e 69 32 10
e 77 42 20
e 28 76 21
e 15 14 20
e 49 32 10
e 41 65 21
e 41 14 21
e 69 35 10
e 9 36 21
e 26 67 21
e 60 62 10
e 49 76 10
e 35 36 21
e 60 58 21
e 33 14 21
e 33 67 21
e 33 65 21
e 76 62 21
e 26 36 21
e 26 62 21
e 49 58 21
e 59 65 21
e 65 42 10
e 71 28 9
e 1 60 9
e 10 2 10
e 26 53 21
e 4 49 9
e 59 36 21
e 45 75 20
e 41 49 21
e 70 23 13
e 37 32 21
e 33 59 21
e 47 35 21
e 46 24 9
e 33 37 10
e 10 37 10
e 33 36 21
e 47 9 21
e 66 64 20
e 10 76 10
e 67 37 10
e 33 49 20
e 21 9 20
e 10 2 9
e 32 58 20
e 62 21 9
-
