t # 0 U 1
v 0 0
v 1 1
v 2 2
v 3 3
v 4 1
v 5 2
v 6 4
v 7 5
v 8 6
v 9 7
v 10 8
v 11 9
v 12 10
v 13 11
e 11 0 21
e 5 0 20
e 4 11 10
e 8 9 9
e 13 2 12
e 4 0 21
e 3 5 12
e 6 10 9
e 0 10 10
e 2 0 20
e 2 11 4
e 3 4 20
e 7 11 9
e 1 11 10
e 1 2 1
e 4 5 1
e 1 10 10
e 1 0 21
e 5 11 4
e 11 10 21
e 12 10 15
e 13 1 20
e 4 10 10
-
t # 1 U 1
v 0 0
v 1 1
v 2 2
v 3 3
v 4 1
v 5 2
v 6 4
v 7 5
v 8 6
v 9 7
v 10 8
v 11 9
v 12 10
v 13 11
e 3 5 12
e 0 10 10
e 8 9 9
e 4 5 1
e 11 10 21
e 1 0 21
e 5 0 20
e 4 11 10
e 5 11 4
e 13 1 20
e 12 10 15
e 11 0 21
e 13 2 12
e 4 0 21
e 1 10 10
e 1 11 10
e 1 2 1
e 2 11 4
e 3 4 20
e 6 10 9
e 2 0 20
e 7 11 9
e 4 10 10
-
t # 2 U 1
v 0 12
v 1 2
v 2 13
v 3 14
v 4 15
v 5 16
v 6 17
e 6 0 12
e 2 3 9
e 6 4 21
e 5 6 4
e 3 4 10
e 3 5 1
e 0 4 4
e 3 6 10
e 1 4 9
-
t # 3 U 1
v 0 2
v 1 18
e 0 1 9
-
t # 4 U 1
v 0 6
v 1 15
v 2 14
v 3 16
v 4 17
v 5 12
v 6 2
e 3 4 4
e 2 4 10
e 4 1 21
e 6 1 9
e 2 1 10
e 5 1 4
e 2 3 1
e 0 2 9
e 4 5 12
-
t # 5 U 1
v 0 2
v 1 18
e 0 1 9
-
t # 6 U 1
v 0 2
v 1 11
v 2 19
v 3 20
v 4 21
e 4 3 21
e 4 3 17
e 0 4 9
e 1 0 12
e 2 3 9
e 0 3 4
-
t # 7 U 1
v 0 2
v 1 11
v 2 19
v 3 20
v 4 21
e 4 3 17
e 0 3 4
e 1 0 12
e 0 4 9
e 4 3 21
e 2 3 9
-
t # 8 U 1
v 0 22
v 1 23
v 2 24
v 3 25
v 4 0
v 5 26
v 6 27
v 7 12
v 8 0
v 9 28
v 10 0
v 11 29
v 12 2
v 13 11
v 14 1
v 15 1
v 16 30
v 17 31
e 5 15 21
e 11 16 10
e 8 5 10
e 4 14 10
e 8 15 10
e 0 1 1
e 0 14 21
e 10 4 21
e 0 17 10
e 10 15 10
e 10 15 6
e 8 10 21
e 8 0 10
e 17 16 21
e 8 17 6
e 17 12 12
e 0 4 21
e 2 0 20
e 8 15 6
e 10 17 6
e 10 14 10
e 8 11 6
e 5 17 10
e 9 4 20
e 12 16 4
e 11 14 21
e 1 10 20
e 6 0 15
e 0 15 17
e 5 10 21
e 8 16 6
e 5 14 21
e 8 0 6
e 5 4 21
e 8 17 10
e 10 16 10
e 11 17 10
e 12 15 20
e 11 0 21
e 0 15 21
e 8 10 17
e 0 16 10
e 0 16 6
e 11 4 21
e 17 15 21
e 5 0 21
e 10 16 6
e 11 15 21
e 16 15 17
e 5 7 12
e 2 11 9
e 10 17 10
e 9 16 9
e 6 8 20
e 17 15 17
e 11 10 21
e 0 10 21
e 0 17 6
e 16 15 21
e 5 11 10
e 1 17 9
e 5 16 10
e 8 4 21
e 13 14 20
e 8 11 10
e 6 11 4
e 8 16 10
e 8 14 10
e 3 5 9
e 5 11 9
-
t # 9 U 1
v 0 32
v 1 33
v 2 12
v 3 34
v 4 35
v 5 0
v 6 23
v 7 36
v 8 37
v 9 38
v 10 39
v 11 6
v 12 40
v 13 36
v 14 18
v 15 41
v 16 12
v 17 18
v 18 42
v 19 11
v 20 43
v 21 2
e 1 13 10
e 0 10 10
e 5 12 10
e 13 14 21
e 12 1 21
e 12 18 10
e 20 18 21
e 10 13 18
e 5 13 6
e 9 13 15
e 13 18 10
e 13 7 21
e 20 14 21
e 5 10 10
e 10 7 21
e 12 9 12
e 3 4 9
e 5 10 6
e 0 13 10
e 0 13 6
e 0 14 21
e 0 17 21
e 5 17 6
e 18 16 12
e 12 13 21
e 15 1 15
e 20 10 21
e 0 7 10
e 1 18 10
e 5 1 10
e 5 14 6
e 18 4 21
e 7 14 21
e 10 14 21
e 18 14 21
e 5 17 10
e 10 13 21
e 5 0 6
e 0 1 10
e 6 0 4
e 5 20 10
e 1 14 21
e 0 14 17
e 0 20 6
e 1 4 10
e 15 10 15
e 6 5 20
e 12 20 10
e 12 7 21
e 10 1 18
e 5 13 10
e 0 20 10
e 10 4 21
e 9 7 15
e 0 1 6
e 20 13 18
e 0 18 10
e 9 18 4
e 13 4 21
e 5 0 10
e 1 7 10
e 9 4 15
e 5 20 6
e 19 17 9
e 5 7 10
e 5 18 10
e 4 14 21
e 12 14 21
e 5 14 10
e 5 4 10
e 5 1 6
e 0 12 10
e 10 1 21
e 10 18 10
e 6 20 4
e 20 4 21
e 7 18 10
e 0 4 10
e 20 1 18
e 7 4 21
e 20 15 12
e 20 1 21
e 20 13 21
e 4 2 12
e 1 21 12
e 21 13 9
e 0 10 6
e 12 4 21
e 8 7 20
e 20 7 21
e 12 10 21
e 11 4 9
e 0 17 17
e 18 4 20
e 4 14 20
-
t # 10 U 1
v 0 21
v 1 30
v 2 44
v 3 11
v 4 2
e 0 1 10
e 4 1 4
e 3 4 12
e 2 1 20
e 4 0 9
e 0 1 6
-
t # 11 U 1
v 0 21
v 1 30
v 2 44
v 3 11
v 4 2
e 0 1 10
e 4 1 4
e 3 4 12
e 4 0 9
e 2 1 20
e 0 1 6
-
t # 12 U 1
v 0 16
v 1 14
v 2 45
v 3 46
v 4 12
v 5 17
e 2 1 20
e 4 3 4
e 0 5 4
e 1 3 10
e 5 4 12
e 1 0 1
e 1 5 10
e 5 3 10
-
t # 13 U 1
v 0 2
v 1 18
e 0 1 9
-
t # 14 U 1
v 0 16
v 1 14
v 2 15
v 3 6
v 4 2
v 5 12
v 6 47
e 6 5 12
e 1 6 10
e 1 0 1
e 5 2 4
e 4 2 9
e 1 2 10
e 3 1 9
e 0 6 4
e 6 2 21
-
t # 15 U 1
v 0 2
v 1 18
e 0 1 9
-
t # 16 U 1
v 0 12
v 1 21
v 2 11
v 3 48
v 4 49
v 5 12
v 6 50
v 7 51
v 8 18
v 9 2
v 10 52
v 11 11
v 12 12
v 13 2
v 14 1
e 4 6 9
e 3 1 20
e 14 8 10
e 9 14 20
e 2 3 1
e 5 0 12
e 13 14 20
e 14 12 1
e 7 5 12
e 3 7 4
e 4 10 9
e 1 14 21
e 9 12 1
e 1 7 6
e 6 10 6
e 1 14 17
e 1 7 10
e 13 12 1
e 7 8 21
e 11 13 12
e 1 8 21
e 10 9 12
e 5 8 9
e 14 8 9
e 13 8 9
e 9 8 9
-
t # 17 U 1
v 0 12
v 1 21
v 2 11
v 3 48
v 4 49
v 5 12
v 6 50
v 7 51
v 8 18
v 9 2
v 10 52
v 11 11
v 12 12
v 13 2
v 14 1
e 1 14 17
e 11 13 12
e 3 1 20
e 1 8 21
e 7 8 21
e 1 14 21
e 14 8 10
e 5 0 12
e 7 5 12
e 1 7 10
e 9 14 20
e 14 12 1
e 3 7 4
e 10 9 12
e 4 10 9
e 6 10 6
e 4 6 9
e 9 12 1
e 13 14 20
e 2 3 1
e 1 7 6
e 13 12 1
e 13 8 9
e 9 8 9
e 14 8 9
e 5 8 9
-
t # 18 U 1
v 0 2
v 1 12
v 2 12
v 3 47
v 4 47
v 5 16
v 6 14
v 7 53
v 8 0
v 9 6
e 8 4 6
e 3 2 12
e 3 4 21
e 3 4 17
e 1 7 4
e 4 7 10
e 8 7 6
e 3 8 21
e 6 8 21
e 6 4 10
e 5 4 4
e 5 3 4
e 8 7 10
e 0 7 9
e 6 3 10
e 6 7 6
e 6 7 10
e 3 7 6
e 6 4 6
e 8 4 10
e 3 7 10
e 6 5 1
e 9 6 9
e 4 1 12
e 3 8 20
-
t # 19 U 1
v 0 2
v 1 18
e 0 1 9
-
t # 20 U 1
v 0 54
v 1 11
v 2 2
v 3 55
e 1 2 12
e 2 3 4
e 0 3 6
e 2 0 9
e 0 3 10
-
t # 21 U 1
v 0 54
v 1 11
v 2 2
v 3 55
e 2 0 9
e 2 3 4
e 0 3 10
e 1 2 12
e 0 3 6
-
t # 22 U 1
v 0 14
v 1 46
v 2 45
v 3 12
v 4 56
v 5 16
e 4 3 12
e 0 1 10
e 0 4 10
e 0 5 1
e 2 0 20
e 5 4 4
e 4 1 21
e 3 1 4
-
t # 23 U 1
v 0 28
v 1 18
e 0 1 20
-
t # 24 U 1
v 0 16
v 1 14
v 2 15
v 3 13
v 4 2
v 5 12
v 6 47
e 1 2 10
e 1 6 10
e 6 5 12
e 5 2 4
e 3 1 9
e 6 2 21
e 0 6 4
e 4 2 9
e 1 0 1
-
t # 25 U 1
v 0 2
v 1 18
e 0 1 9
-
t # 26 U 1
v 0 12
v 1 22
v 2 2
v 3 27
v 4 12
v 5 55
v 6 2
v 7 1
v 8 11
v 9 2
v 10 57
v 11 18
v 12 11
v 13 18
v 14 21
e 8 6 12
e 10 1 21
e 14 11 17
e 10 1 17
e 14 13 21
e 10 7 21
e 7 14 10
e 3 10 4
e 14 5 6
e 10 11 21
e 1 5 6
e 2 1 9
e 1 11 21
e 1 14 21
e 8 7 20
e 1 0 12
e 7 11 10
e 5 4 12
e 14 11 21
e 1 5 10
e 7 5 10
e 0 9 12
e 9 5 4
e 3 1 15
e 6 14 9
e 10 13 21
e 1 13 17
e 10 5 21
e 14 5 10
e 2 10 9
e 1 13 21
e 9 14 9
e 7 13 10
e 1 11 17
e 12 11 9
e 10 14 21
e 14 13 17
e 7 6 1
e 6 5 4
e 5 13 21
e 5 13 20
-
t # 27 U 1
v 0 12
v 1 22
v 2 2
v 3 27
v 4 12
v 5 55
v 6 2
v 7 1
v 8 11
v 9 2
v 10 57
v 11 18
v 12 11
v 13 18
v 14 21
e 14 13 21
e 7 11 10
e 1 11 21
e 7 14 10
e 7 5 10
e 14 13 17
e 2 10 9
e 5 4 12
e 9 5 4
e 3 10 4
e 14 11 21
e 6 5 4
e 7 13 10
e 10 5 21
e 6 14 9
e 10 1 17
e 12 11 9
e 10 1 21
e 1 5 10
e 7 6 1
e 5 13 21
e 8 7 20
e 1 13 17
e 14 5 6
e 1 0 12
e 10 13 21
e 9 14 9
e 1 11 17
e 2 1 9
e 10 11 21
e 8 6 12
e 1 13 21
e 0 9 12
e 1 14 21
e 1 5 6
e 10 7 21
e 14 5 10
e 3 1 15
e 14 11 17
e 10 14 21
e 5 13 20
-
t # 28 U 1
v 0 0
v 1 25
v 2 1
v 3 1
v 4 11
v 5 22
v 6 2
v 7 29
v 8 31
v 9 0
v 10 0
v 11 28
v 12 12
v 13 30
v 14 26
v 15 27
v 16 58
v 17 23
e 14 8 10
e 14 0 21
e 9 13 6
e 14 3 21
e 5 13 10
e 5 3 21
e 5 0 21
e 9 7 6
e 10 2 6
e 14 5 21
e 6 2 20
e 7 0 21
e 11 0 20
e 7 3 21
e 9 14 10
e 13 2 17
e 9 0 21
e 9 10 17
e 10 2 10
e 15 5 15
e 5 17 1
e 14 13 10
e 15 7 4
e 7 13 10
e 5 2 21
e 16 7 20
e 8 2 17
e 8 13 21
e 17 8 9
e 14 7 10
e 5 10 21
e 9 13 10
e 11 13 9
e 14 2 21
e 7 2 21
e 0 3 10
e 8 6 12
e 9 3 10
e 10 3 10
e 14 12 12
e 9 10 21
e 15 9 20
e 4 3 20
e 13 2 21
e 5 2 17
e 5 13 6
e 17 10 20
e 9 7 10
e 1 14 9
e 16 5 20
e 10 13 10
e 7 10 21
e 9 5 10
e 9 2 6
e 9 2 10
e 6 13 4
e 10 8 10
e 7 8 10
e 14 10 21
e 5 8 10
e 5 8 6
e 7 5 21
e 9 8 6
e 9 8 10
e 9 5 6
e 10 0 21
e 8 2 21
e 10 13 6
e 10 8 6
e 14 7 9
-
t # 29 U 1
v 0 0
v 1 36
v 2 37
v 3 38
v 4 23
v 5 40
v 6 39
v 7 6
v 8 36
v 9 18
v 10 18
v 11 32
v 12 11
v 13 41
v 14 12
v 15 43
v 16 42
v 17 33
v 18 12
v 19 2
v 20 34
v 21 35
e 5 16 10
e 8 9 21
e 6 16 10
e 0 17 10
e 0 10 6
e 6 8 21
e 0 11 6
e 15 17 21
e 5 15 10
e 6 21 21
e 8 1 21
e 15 6 21
e 0 10 10
e 11 8 6
e 15 1 21
e 15 9 21
e 11 6 10
e 5 8 21
e 11 5 10
e 0 15 6
e 15 21 21
e 16 9 21
e 8 21 21
e 4 15 4
e 11 6 6
e 15 13 12
e 11 16 10
e 0 21 10
e 17 21 10
e 17 19 12
e 11 9 21
e 6 17 18
e 1 9 21
e 0 15 10
e 21 9 21
e 17 16 10
e 4 11 4
e 0 1 10
e 5 9 21
e 6 8 18
e 0 9 10
e 19 8 9
e 17 1 10
e 0 16 10
e 11 10 21
e 0 8 10
e 5 6 21
e 6 9 21
e 17 8 10
e 0 17 6
e 6 1 21
e 15 8 18
e 5 17 21
e 21 18 12
e 3 1 15
e 3 16 4
e 13 6 15
e 17 9 21
e 4 0 20
e 13 17 15
e 15 17 18
e 8 16 10
e 2 1 20
e 5 3 12
e 15 16 21
e 16 21 21
e 0 11 10
e 11 9 17
e 6 17 21
e 5 1 21
e 1 16 10
e 7 21 9
e 0 6 10
e 5 21 21
e 12 10 9
e 11 15 6
e 0 8 6
e 0 5 10
e 11 10 17
e 1 21 21
e 11 21 10
e 15 8 21
e 11 17 6
e 0 6 6
e 16 14 12
e 0 9 6
e 11 17 10
e 11 1 10
e 20 21 9
e 3 21 15
e 11 15 10
e 11 8 10
e 3 8 15
e 16 21 20
e 21 9 20
-
t # 30 U 1
v 0 16
v 1 15
v 2 14
v 3 0
v 4 6
v 5 2
v 6 12
v 7 12
v 8 47
v 9 47
e 9 6 12
e 3 1 6
e 3 9 6
e 2 0 1
e 8 3 21
e 2 3 21
e 2 9 6
e 3 1 10
e 8 1 17
e 5 1 9
e 2 1 6
e 3 9 10
e 8 7 12
e 9 1 21
e 2 8 10
e 2 1 10
e 8 1 21
e 8 9 17
e 4 2 9
e 0 8 4
e 8 9 21
e 0 9 4
e 2 9 10
e 6 1 4
e 8 3 20
-
t # 31 U 1
v 0 2
v 1 18
e 0 1 9
-
t # 32 U 1
v 0 54
v 1 11
v 2 59
v 3 2
e 3 2 4
e 0 2 6
e 3 0 9
e 0 2 10
e 1 3 12
-
t # 33 U 1
v 0 54
v 1 11
v 2 59
v 3 2
e 3 0 9
e 0 2 6
e 3 2 4
e 1 3 12
e 0 2 10
-
t # 34 U 1
v 0 2
v 1 31
v 2 12
v 3 27
v 4 26
v 5 25
v 6 0
v 7 12
v 8 31
v 9 60
v 10 1
v 11 23
v 12 11
v 13 22
v 14 28
v 15 29
v 16 53
v 17 0
v 18 1
v 19 0
e 19 15 6
e 15 16 10
e 15 6 21
e 1 0 12
e 16 18 17
e 13 1 10
e 19 18 10
e 19 6 21
e 17 1 10
e 15 18 21
e 4 15 10
e 13 11 1
e 8 18 21
e 14 16 9
e 13 10 21
e 11 17 20
e 4 16 10
e 4 1 10
e 9 13 20
e 19 18 6
e 11 1 9
e 19 1 6
e 4 13 21
e 14 6 20
e 13 1 6
e 19 13 10
e 19 17 21
e 13 16 10
e 4 6 21
e 5 4 9
e 19 10 10
e 1 8 21
e 19 16 6
e 4 18 21
e 19 8 10
e 15 17 21
e 17 1 6
e 3 15 4
e 0 18 20
e 19 1 10
e 8 16 10
e 13 18 21
e 13 6 21
e 17 8 6
e 17 10 10
e 4 10 21
e 4 17 21
e 11 8 9
e 19 16 10
e 13 16 6
e 7 16 4
e 13 18 17
e 17 16 6
e 8 18 17
e 12 10 20
e 17 18 6
e 15 8 10
e 19 8 6
e 19 15 10
e 19 4 10
e 15 10 21
e 13 17 21
e 6 10 10
e 8 7 12
e 17 16 10
e 4 2 12
e 1 18 21
e 3 13 15
e 9 15 20
e 16 18 21
e 15 13 21
e 3 19 20
e 15 1 10
e 19 13 6
e 17 18 10
e 17 6 21
e 4 8 10
e 13 8 6
e 1 16 10
e 13 8 10
e 19 17 17
e 17 8 10
e 4 15 9
-
t # 35 U 1
v 0 0
v 1 36
v 2 38
v 3 37
v 4 39
v 5 6
v 6 40
v 7 36
v 8 18
v 9 12
v 10 41
v 11 32
v 12 18
v 13 43
v 14 11
v 15 42
v 16 12
v 17 33
v 18 2
v 19 35
v 20 34
v 21 23
e 10 4 15
e 6 15 10
e 6 4 21
e 0 4 6
e 13 15 21
e 13 17 21
e 17 1 10
e 0 7 10
e 7 8 21
e 10 17 15
e 13 10 12
e 0 11 6
e 4 19 21
e 0 8 10
e 21 0 20
e 4 17 21
e 11 12 17
e 0 7 6
e 13 4 21
e 13 7 21
e 17 7 10
e 13 1 21
e 0 13 6
e 0 19 10
e 4 15 10
e 13 8 21
e 2 19 15
e 4 1 21
e 6 2 12
e 15 8 21
e 11 4 6
e 0 12 6
e 7 15 10
e 11 12 21
e 7 19 21
e 0 13 10
e 4 17 18
e 11 7 6
e 13 17 18
e 2 7 15
e 0 17 6
e 4 7 21
e 11 13 10
e 20 19 9
e 11 17 6
e 0 12 10
e 0 1 10
e 17 18 12
e 6 1 21
e 11 13 6
e 0 4 10
e 6 13 10
e 13 19 21
e 15 19 21
e 19 8 21
e 6 17 21
e 2 15 4
e 21 13 4
e 11 19 10
e 11 7 10
e 11 6 10
e 3 1 20
e 0 8 6
e 7 1 21
e 5 19 9
e 0 11 10
e 6 7 21
e 1 15 10
e 17 19 10
e 6 19 21
e 17 15 10
e 1 8 21
e 0 6 10
e 18 7 9
e 15 9 12
e 11 8 21
e 19 16 12
e 11 15 10
e 0 17 10
e 11 4 10
e 0 15 10
e 11 8 17
e 1 19 21
e 13 7 18
e 21 11 4
e 11 1 10
e 2 1 15
e 4 7 18
e 6 8 21
e 11 17 10
e 14 12 9
e 4 8 21
e 17 8 21
e 19 8 20
e 15 19 20
-
