t # 0 U 1
v 0 0
v 1 1
v 2 2
v 3 3
v 4 4
v 5 5
v 6 2
v 7 6
v 8 2
v 9 7
v 10 2
v 11 8
v 12 9
v 13 10
v 14 11
v 15 2
v 16 12
v 17 13
v 18 2
v 19 14
v 20 15
v 21 16
v 22 17
v 23 18
v 24 2
v 25 19
v 26 20
v 27 21
v 28 22
v 29 2
v 30 2
v 31 23
v 32 24
v 33 25
v 34 26
v 35 27
v 36 2
v 37 28
v 38 29
v 39 28
v 40 30
v 41 31
v 42 32
v 43 33
v 44 34
v 45 35
v 46 36
v 47 2
v 48 2
v 49 37
v 50 2
v 51 38
v 52 39
v 53 40
v 54 34
v 55 34
v 56 41
v 57 12
v 58 42
v 59 2
v 60 43
v 61 44
v 62 2
v 63 45
v 64 46
v 65 43
v 66 47
v 67 48
v 68 49
v 69 2
v 70 2
v 71 50
v 72 2
v 73 19
v 74 51
v 75 17
v 76 52
v 77 53
v 78 54
v 79 12
v 80 2
v 81 55
v 82 48
v 83 56
v 84 56
v 85 57
v 86 58
v 87 59
v 88 12
v 89 47
v 90 60
v 91 1
v 92 2
v 93 61
v 94 2
v 95 48
v 96 22
v 97 62
v 98 63
v 99 64
v 100 10
v 101 2
v 102 65
v 103 66
v 104 67
v 105 68
v 106 69
v 107 70
v 108 2
v 109 55
v 110 15
v 111 71
v 112 48
v 113 2
v 114 72
v 115 73
v 116 74
v 117 75
v 118 2
v 119 2
v 120 76
v 121 77
v 122 78
v 123 79
v 124 48
v 125 1
v 126 80
e 90 65 21
e 120 118 12
e 41 53 6
e 11 27 7
e 111 42 17
e 40 116 10
e 89 45 21
e 87 86 12
e 11 93 10
e 117 21 18
e 45 0 21
e 40 39 21
e 34 90 10
e 12 33 10
e 17 71 10
e 105 52 21
e 77 115 10
e 27 3 21
e 117 37 21
e 116 45 21
e 41 66 6
e 74 65 21
e 33 45 6
e 12 65 10
e 7 60 10
e 53 115 10
e 5 85 10
e 102 60 21
e 7 26 10
e 71 72 12
e 21 66 10
e 11 31 10
e 4 52 10
e 5 3 17
e 64 65 21
e 14 77 10
e 27 104 10
e 117 40 18
e 117 27 21
e 58 56 15
e 67 73 12
e 99 33 21
e 95 96 12
e 3 2 12
e 105 85 21
e 99 39 21
e 56 0 21
e 41 68 6
e 97 33 21
e 117 68 18
e 0 31 10
e 40 85 10
e 42 115 10
e 68 4 17
e 23 21 21
e 5 26 10
e 23 116 10
e 34 74 10
e 40 37 21
e 17 37 10
e 11 40 10
e 11 66 10
e 23 66 10
e 21 90 10
e 21 9 21
e 4 1 12
e 105 40 21
e 14 74 10
e 105 120 10
e 89 65 21
e 111 106 17
e 97 65 21
e 64 31 21
e 77 85 10
e 20 65 4
e 23 22 12
e 17 56 10
e 74 31 21
e 111 3 17
e 18 31 9
e 65 39 21
e 11 12 7
e 39 31 21
e 11 26 10
e 42 0 21
e 97 60 21
e 11 116 10
e 122 60 21
e 117 23 18
e 77 31 21
e 21 65 6
e 11 115 10
e 33 85 6
e 37 36 12
e 54 115 4
e 105 9 21
e 12 93 10
e 26 66 10
e 27 53 10
e 21 85 10
e 116 52 21
e 5 42 10
e 32 90 10
e 11 120 10
e 66 60 21
e 117 93 17
e 40 3 21
e 27 122 10
e 68 19 17
e 17 3 21
e 11 7 21
e 117 111 18
e 90 91 12
e 117 71 21
e 42 47 12
e 65 93 10
e 117 90 17
e 90 45 21
e 117 106 17
e 102 4 21
e 85 52 21
e 27 0 21
e 105 53 21
e 33 60 6
e 99 98 12
e 23 77 10
e 27 90 10
e 53 50 12
e 105 17 21
e 7 66 10
e 65 115 10
e 34 37 10
e 65 37 21
e 5 89 6
e 117 65 21
e 117 4 21
e 40 74 10
e 90 37 21
e 11 116 7
e 60 93 10
e 17 32 10
e 97 45 21
e 11 85 10
e 12 115 10
e 11 21 7
e 40 65 10
e 5 35 6
e 111 122 6
e 40 45 10
e 40 60 10
e 21 42 10
e 21 7 21
e 5 4 17
e 5 65 10
e 33 60 10
e 126 19 20
e 74 52 21
e 17 39 10
e 66 85 10
e 41 3 17
e 11 3 21
e 5 14 10
e 5 60 6
e 121 5 15
e 104 85 21
e 17 53 10
e 21 32 10
e 5 9 6
e 5 7 10
e 40 97 10
e 45 85 10
e 115 52 21
e 117 99 17
e 104 45 21
e 104 37 21
e 120 85 21
e 19 90 6
e 122 33 21
e 117 56 21
e 23 52 10
e 91 37 9
e 17 64 10
e 77 80 12
e 14 4 21
e 122 45 21
e 116 39 21
e 34 4 21
e 117 5 18
e 99 31 21
e 104 52 21
e 126 7 15
e 105 5 21
e 11 5 18
e 68 53 17
e 82 83 1
e 117 122 10
e 27 56 10
e 0 52 10
e 11 0 21
e 14 45 10
e 5 66 6
e 34 120 10
e 11 61 7
e 40 52 10
e 4 37 10
e 17 93 10
e 105 93 21
e 34 9 21
e 104 65 21
e 64 93 10
e 73 31 9
e 7 39 10
e 27 4 21
e 117 53 17
e 34 57 12
e 81 79 12
e 83 39 20
e 56 85 10
e 17 21 10
e 117 71 18
e 14 37 10
e 117 19 17
e 40 4 21
e 9 39 10
e 32 60 10
e 111 4 17
e 14 116 10
e 27 33 10
e 117 65 17
e 122 115 21
e 71 37 21
e 105 4 21
e 64 60 21
e 117 74 18
e 23 9 21
e 65 0 21
e 74 45 21
e 105 116 10
e 5 12 6
e 33 65 10
e 25 31 9
e 93 85 21
e 17 0 21
e 117 35 17
e 23 56 10
e 71 45 21
e 11 5 21
e 11 23 7
e 20 31 9
e 117 14 18
e 116 60 21
e 32 45 10
e 5 90 6
e 32 93 10
e 99 45 21
e 117 106 18
e 21 77 10
e 17 9 21
e 105 97 21
e 120 31 21
e 77 39 21
e 27 97 10
e 85 31 21
e 77 93 10
e 11 53 7
e 23 45 10
e 90 85 21
e 117 45 17
e 71 85 10
e 21 53 10
e 26 37 10
e 4 33 10
e 11 7 18
e 102 101 12
e 7 65 10
e 40 115 10
e 42 37 21
e 5 90 10
e 117 104 18
e 33 52 10
e 40 33 21
e 5 93 10
e 3 26 10
e 105 14 21
e 105 42 21
e 7 31 10
e 85 0 21
e 116 66 21
e 117 32 17
e 103 115 6
e 11 42 7
e 5 122 10
e 14 0 21
e 17 34 10
e 17 12 21
e 42 45 10
e 17 85 10
e 11 52 10
e 117 97 17
e 117 87 18
e 21 64 10
e 123 116 15
e 71 52 21
e 117 99 18
e 53 37 21
e 40 32 21
e 105 39 21
e 105 23 21
e 104 4 21
e 27 31 10
e 17 104 10
e 117 42 18
e 90 0 21
e 38 71 4
e 117 93 21
e 14 13 12
e 64 39 21
e 23 97 10
e 41 77 6
e 21 37 10
e 111 9 17
e 17 52 10
e 11 9 21
e 5 122 6
e 40 77 10
e 5 71 6
e 41 71 6
e 117 87 17
e 14 122 10
e 40 56 10
e 122 31 21
e 117 39 21
e 5 77 10
e 23 12 21
e 116 65 21
e 5 102 10
e 11 77 10
e 102 33 21
e 23 37 10
e 53 0 21
e 117 26 21
e 32 33 10
e 42 93 10
e 23 115 10
e 56 39 21
e 116 26 21
e 11 71 7
e 117 23 21
e 7 0 21
e 117 89 21
e 123 12 15
e 117 4 18
e 5 19 6
e 17 65 10
e 34 21 21
e 84 39 20
e 21 12 21
e 97 39 21
e 111 120 6
e 21 99 10
e 68 32 17
e 40 0 21
e 105 104 21
e 11 45 10
e 11 9 18
e 5 45 10
e 93 52 21
e 56 33 21
e 55 115 9
e 11 12 10
e 93 39 21
e 41 42 6
e 85 84 12
e 31 52 10
e 56 31 21
e 60 85 6
e 111 32 17
e 9 8 12
e 14 120 10
e 122 52 21
e 120 93 21
e 111 53 17
e 41 61 6
e 9 37 10
e 110 31 9
e 74 33 21
e 5 99 10
e 41 87 6
e 40 28 12
e 40 90 10
e 120 0 21
e 40 99 10
e 17 14 21
e 3 45 10
e 49 52 9
e 117 5 21
e 126 21 20
e 117 66 17
e 3 60 10
e 68 120 6
e 4 31 10
e 26 0 21
e 34 45 10
e 105 74 21
e 33 0 21
e 117 52 21
e 66 37 21
e 45 65 6
e 117 97 21
e 14 52 10
e 40 27 21
e 5 7 6
e 21 26 10
e 5 111 6
e 21 85 6
e 93 37 21
e 17 7 21
e 77 0 21
e 85 39 21
e 117 77 21
e 97 94 12
e 5 106 6
e 5 97 6
e 126 34 15
e 41 64 6
e 117 111 17
e 5 89 10
e 21 56 10
e 77 33 21
e 27 93 10
e 7 85 10
e 35 38 1
e 34 0 21
e 3 93 10
e 42 39 21
e 34 99 10
e 5 126 1
e 3 85 10
e 23 85 10
e 27 74 10
e 99 0 21
e 98 89 20
e 114 115 9
e 74 37 21
e 21 120 10
e 12 0 21
e 11 97 7
e 17 33 10
e 64 52 21
e 111 87 17
e 117 7 18
e 105 60 21
e 42 31 21
e 71 90 10
e 45 93 10
e 11 17 10
e 117 35 18
e 111 71 17
e 122 93 21
e 33 31 21
e 111 116 6
e 21 33 10
e 66 33 21
e 5 27 10
e 45 65 10
e 23 93 10
e 111 26 17
e 11 102 10
e 89 37 21
e 117 74 21
e 53 85 10
e 14 66 10
e 9 52 10
e 5 34 10
e 61 58 12
e 23 27 10
e 27 7 21
e 9 115 10
e 122 113 12
e 27 77 10
e 117 53 21
e 102 37 21
e 17 27 10
e 32 31 21
e 68 104 6
e 117 32 21
e 5 93 6
e 40 26 21
e 104 115 10
e 116 0 21
e 9 60 10
e 97 31 21
e 9 93 10
e 9 45 10
e 34 14 21
e 26 93 10
e 43 103 9
e 68 90 6
e 44 21 15
e 117 14 21
e 11 39 10
e 3 66 10
e 4 45 10
e 26 33 10
e 5 52 10
e 21 60 6
e 60 65 21
e 40 14 21
e 89 31 21
e 97 37 21
e 41 35 17
e 11 19 7
e 27 39 10
e 97 115 10
e 40 93 10
e 34 33 21
e 117 17 18
e 105 34 21
e 117 9 21
e 23 99 10
e 27 45 10
e 126 87 20
e 116 115 21
e 117 19 18
e 17 45 10
e 42 65 10
e 41 90 6
e 56 99 10
e 27 102 10
e 117 102 17
e 5 66 10
e 126 40 15
e 41 19 17
e 99 93 21
e 117 0 21
e 64 37 21
e 4 60 10
e 71 115 10
e 117 56 17
e 105 33 21
e 117 27 18
e 7 45 10
e 12 66 10
e 4 93 10
e 68 64 17
e 27 26 21
e 5 64 10
e 56 48 12
e 105 107 1
e 3 65 10
e 5 87 6
e 117 32 18
e 11 21 10
e 21 116 10
e 17 4 21
e 21 20 12
e 23 14 21
e 5 97 10
e 74 70 12
e 77 52 21
e 116 119 12
e 40 53 10
e 14 3 21
e 41 111 6
e 111 90 17
e 53 52 21
e 117 3 18
e 7 93 10
e 42 85 10
e 77 45 21
e 102 93 21
e 11 89 7
e 64 0 21
e 59 45 4
e 34 26 21
e 104 0 21
e 104 93 21
e 11 4 18
e 5 65 6
e 111 68 17
e 117 40 21
e 14 7 21
e 86 120 4
e 5 3 21
e 117 17 21
e 111 19 17
e 58 74 4
e 53 31 21
e 17 99 10
e 11 4 21
e 86 122 4
e 12 60 10
e 116 93 21
e 117 66 18
e 93 31 21
e 5 102 6
e 33 93 10
e 117 68 17
e 97 52 21
e 11 64 10
e 74 99 10
e 39 29 12
e 14 90 10
e 117 7 17
e 7 33 10
e 17 77 10
e 110 33 4
e 56 52 21
e 23 3 21
e 14 56 10
e 105 71 21
e 34 7 21
e 27 116 10
e 11 37 10
e 11 53 10
e 34 12 21
e 122 39 21
e 75 31 9
e 33 85 10
e 125 37 9
e 26 39 10
e 105 115 10
e 45 93 6
e 40 64 10
e 5 23 10
e 105 64 21
e 26 63 1
e 86 9 15
e 97 99 10
e 21 71 10
e 23 90 10
e 21 39 10
e 122 65 21
e 11 99 7
e 122 37 21
e 117 26 17
e 120 4 21
e 11 26 7
e 66 0 21
e 60 52 21
e 11 3 18
e 66 65 21
e 105 99 21
e 7 115 10
e 17 60 10
e 22 31 9
e 126 41 20
e 105 26 21
e 11 23 10
e 105 117 10
e 45 37 21
e 34 66 10
e 64 90 10
e 21 122 10
e 97 0 21
e 5 37 10
e 68 9 17
e 69 93 4
e 42 60 10
e 11 106 7
e 51 100 12
e 21 74 10
e 5 85 6
e 120 65 21
e 23 60 10
e 27 32 10
e 117 61 17
e 7 52 10
e 23 64 10
e 105 77 21
e 12 39 10
e 74 60 21
e 11 65 10
e 41 102 6
e 17 120 10
e 90 31 21
e 100 31 9
e 38 53 4
e 40 122 10
e 117 64 17
e 53 39 21
e 117 71 17
e 111 102 17
e 117 90 18
e 64 62 12
e 23 74 10
e 99 85 21
e 85 37 21
e 11 102 7
e 5 116 6
e 64 33 21
e 117 4 17
e 14 27 10
e 34 3 21
e 65 31 21
e 122 4 21
e 23 89 10
e 102 115 10
e 5 33 10
e 102 65 21
e 117 9 17
e 26 60 10
e 45 52 10
e 4 115 10
e 5 12 10
e 11 90 10
e 102 39 21
e 117 53 18
e 105 7 21
e 86 104 4
e 17 116 10
e 74 93 10
e 110 65 4
e 14 21 10
e 14 53 10
e 23 122 10
e 97 89 21
e 15 31 9
e 107 89 15
e 105 31 21
e 27 12 21
e 23 65 10
e 122 85 21
e 60 39 21
e 66 45 21
e 117 85 17
e 5 115 6
e 64 85 10
e 60 37 21
e 105 0 21
e 11 42 10
e 14 71 10
e 23 40 10
e 37 31 21
e 23 34 10
e 120 37 21
e 105 89 21
e 117 56 18
e 123 3 15
e 14 42 10
e 102 52 21
e 116 85 21
e 23 0 21
e 11 68 7
e 17 74 10
e 117 89 18
e 5 74 6
e 11 41 7
e 34 42 10
e 21 93 6
e 53 93 10
e 34 52 10
e 14 60 10
e 14 65 10
e 27 21 21
e 40 21 21
e 27 65 10
e 40 102 10
e 11 17 7
e 3 52 10
e 104 39 21
e 9 65 10
e 126 61 20
e 96 31 9
e 11 111 7
e 46 31 20
e 21 3 21
e 117 42 21
e 121 11 15
e 27 52 10
e 17 66 10
e 77 60 21
e 31 49 1
e 27 115 10
e 5 45 6
e 21 0 21
e 90 39 21
e 56 45 21
e 117 33 21
e 5 0 21
e 32 39 10
e 41 99 6
e 13 103 9
e 5 26 6
e 105 122 10
e 14 115 10
e 71 93 10
e 76 117 4
e 21 4 21
e 23 7 21
e 117 61 18
e 93 115 10
e 117 11 21
e 99 115 10
e 17 102 10
e 32 0 21
e 60 0 21
e 5 77 6
e 117 66 21
e 115 31 21
e 117 99 21
e 3 115 10
e 5 56 6
e 26 85 10
e 117 34 21
e 27 66 10
e 99 89 21
e 79 31 9
e 58 97 4
e 11 89 10
e 19 53 6
e 20 33 4
e 117 104 17
e 5 120 10
e 14 93 10
e 117 102 18
e 105 11 21
e 42 52 10
e 124 125 12
e 34 53 10
e 89 33 21
e 34 32 21
e 40 71 10
e 117 116 18
e 40 34 21
e 115 37 21
e 33 37 10
e 111 12 17
e 17 89 10
e 89 115 10
e 32 65 10
e 85 115 10
e 34 27 21
e 34 97 10
e 9 33 10
e 109 88 12
e 117 122 7
e 105 102 21
e 90 115 10
e 65 85 10
e 58 77 4
e 77 65 21
e 5 60 10
e 117 122 6
e 11 104 7
e 66 93 10
e 45 85 6
e 120 60 21
e 11 71 10
e 21 97 10
e 117 45 21
e 41 106 6
e 126 17 15
e 19 64 6
e 60 45 21
e 32 30 12
e 71 65 21
e 12 37 10
e 11 104 10
e 117 121 1
e 107 0 15
e 117 85 21
e 102 45 21
e 99 60 21
e 17 122 10
e 23 42 10
e 117 77 18
e 71 60 21
e 19 32 6
e 27 71 10
e 16 31 9
e 40 31 21
e 66 52 21
e 11 14 10
e 126 106 20
e 40 9 21
e 110 60 4
e 5 39 10
e 5 56 10
e 11 97 10
e 104 33 21
e 32 85 10
e 9 31 10
e 117 116 21
e 12 26 10
e 17 16 12
e 40 120 10
e 34 56 10
e 19 71 6
e 63 66 9
e 77 89 21
e 21 60 10
e 117 3 21
e 68 71 6
e 11 56 10
e 68 102 6
e 11 90 7
e 56 89 10
e 53 90 10
e 40 66 10
e 88 31 9
e 64 115 10
e 117 120 6
e 23 17 21
e 41 97 6
e 126 111 20
e 126 68 20
e 117 34 18
e 71 39 21
e 21 115 10
e 12 31 10
e 90 52 21
e 56 37 21
e 23 39 10
e 60 65 17
e 5 61 6
e 23 104 10
e 5 71 10
e 11 120 7
e 11 34 7
e 27 25 12
e 14 9 21
e 37 52 10
e 66 115 10
e 12 52 10
e 57 31 9
e 53 60 10
e 11 32 10
e 40 12 21
e 41 122 6
e 53 45 21
e 5 53 6
e 11 99 10
e 32 115 10
e 5 32 6
e 93 92 12
e 23 120 10
e 14 31 10
e 14 64 10
e 41 74 6
e 117 12 21
e 117 42 17
e 34 102 10
e 74 85 10
e 11 34 10
e 34 39 10
e 41 4 17
e 23 32 10
e 5 40 10
e 5 115 10
e 17 40 10
e 5 74 10
e 71 33 21
e 34 89 10
e 27 42 10
e 20 60 4
e 41 120 6
e 96 115 9
e 105 90 21
e 56 60 10
e 11 122 7
e 21 102 10
e 34 104 10
e 117 97 18
e 5 99 6
e 60 93 6
e 11 27 10
e 9 4 21
e 26 115 10
e 27 64 10
e 12 10 12
e 120 45 21
e 3 39 10
e 105 12 21
e 5 68 6
e 45 115 10
e 21 89 10
e 86 102 4
e 11 66 7
e 33 93 6
e 89 39 21
e 5 9 10
e 17 42 10
e 3 33 10
e 7 37 10
e 56 65 10
e 17 31 10
e 53 33 21
e 5 64 6
e 11 32 7
e 26 52 10
e 3 0 21
e 102 0 21
e 34 31 21
e 5 21 10
e 34 77 10
e 117 41 18
e 32 52 10
e 111 7 17
e 27 9 21
e 116 33 21
e 117 64 18
e 5 104 6
e 117 60 17
e 111 104 17
e 42 33 21
e 68 122 6
e 27 60 10
e 21 65 10
e 105 65 21
e 105 21 21
e 23 102 10
e 45 31 21
e 117 90 21
e 117 12 17
e 4 0 21
e 89 93 10
e 117 120 10
e 99 37 21
e 90 93 10
e 34 93 10
e 68 35 17
e 45 39 21
e 44 85 4
e 14 39 10
e 64 45 21
e 5 104 10
e 117 104 21
e 116 37 21
e 74 89 21
e 41 89 6
e 17 26 10
e 14 26 10
e 56 115 10
e 41 116 6
e 34 71 10
e 74 0 21
e 5 31 10
e 33 65 6
e 77 37 21
e 21 52 10
e 23 26 10
e 41 7 17
e 1 37 9
e 90 33 21
e 40 7 21
e 102 85 21
e 5 32 10
e 12 45 10
e 5 4 21
e 117 64 21
e 120 115 21
e 60 59 12
e 105 45 21
e 117 12 18
e 115 39 21
e 14 102 10
e 23 33 10
e 14 12 21
e 34 65 10
e 3 31 10
e 14 104 10
e 102 31 21
e 68 42 17
e 111 66 17
e 112 110 12
e 105 37 21
e 100 103 9
e 89 0 21
e 41 26 17
e 120 33 21
e 32 37 10
e 14 97 10
e 40 89 10
e 116 31 21
e 34 116 10
e 126 35 20
e 126 23 15
e 104 60 21
e 26 31 10
e 117 7 21
e 4 85 10
e 5 42 6
e 60 31 21
e 19 42 6
e 14 32 10
e 11 14 7
e 28 115 9
e 27 120 10
e 3 37 10
e 11 74 7
e 5 53 10
e 117 120 7
e 12 85 10
e 27 37 10
e 71 31 21
e 117 3 17
e 11 35 7
e 117 74 17
e 27 89 10
e 41 12 17
e 104 31 21
e 5 116 10
e 104 108 12
e 40 42 10
e 4 65 10
e 11 33 10
e 7 24 12
e 11 87 7
e 21 45 6
e 27 99 10
e 27 85 10
e 14 85 10
e 74 39 21
e 60 115 10
e 89 85 10
e 11 40 7
e 38 32 15
e 117 115 21
e 17 90 10
e 105 32 21
e 105 27 21
e 120 52 21
e 56 93 10
e 39 52 10
e 117 77 17
e 78 75 12
e 106 123 1
e 41 104 6
e 117 31 21
e 14 115 6
e 4 39 10
e 23 71 10
e 23 31 10
e 17 115 10
e 68 87 6
e 11 122 10
e 117 9 18
e 89 52 21
e 66 39 21
e 99 65 21
e 14 33 10
e 42 90 10
e 5 120 6
e 13 31 9
e 21 104 10
e 97 85 21
e 71 0 21
e 117 21 21
e 33 45 10
e 38 64 4
e 11 74 10
e 117 115 17
e 120 39 21
e 66 31 21
e 11 64 7
e 77 99 10
e 41 32 17
e 40 104 10
e 41 9 17
e 21 31 10
e 9 0 21
e 97 93 21
e 19 35 6
e 34 115 6
e 14 89 10
e 111 64 17
e 115 0 21
e 34 60 10
e 11 60 10
e 0 6 1
e 117 116 17
e 117 60 21
e 23 53 10
e 14 99 10
e 34 115 10
e 60 85 10
e 33 115 10
e 93 0 21
e 11 56 7
e 28 31 9
e 74 115 10
e 105 66 21
e 65 69 12
e 41 56 6
e 34 64 10
e 11 77 7
e 90 60 21
e 9 85 10
e 111 35 17
e 33 39 10
e 23 4 21
e 122 0 21
e 26 65 10
e 5 17 10
e 21 45 10
e 99 52 21
e 117 102 21
e 34 85 10
e 107 66 15
e 126 27 15
e 26 45 10
e 117 26 18
e 34 122 10
e 105 56 21
e 126 14 15
e 117 89 17
e 105 3 21
e 21 93 10
e 65 52 21
e 38 42 4
e 53 65 10
e 17 97 10
e 89 60 21
e 93 85 20
e 102 4 20
e 56 99 9
e 39 31 20
e 42 90 9
e 74 99 9
e 0 31 9
e 3 26 9
e 53 90 9
e 97 99 9
e 104 4 20
e 37 31 20
e 7 26 9
e 64 90 9
e 122 4 20
e 71 90 9
e 9 4 20
e 77 99 9
e 116 26 20
e 120 4 20
e 12 26 9
e 32 90 9
-
t # 1 U 1
v 0 0
v 1 1
v 2 2
v 3 3
v 4 4
v 5 5
v 6 2
v 7 6
v 8 2
v 9 7
v 10 2
v 11 8
v 12 9
v 13 10
v 14 11
v 15 2
v 16 12
v 17 13
v 18 2
v 19 14
v 20 15
v 21 16
v 22 17
v 23 18
v 24 2
v 25 19
v 26 20
v 27 21
v 28 22
v 29 2
v 30 2
v 31 23
v 32 24
v 33 25
v 34 26
v 35 27
v 36 2
v 37 28
v 38 29
v 39 28
v 40 30
v 41 31
v 42 32
v 43 33
v 44 34
v 45 35
v 46 36
v 47 2
v 48 2
v 49 37
v 50 2
v 51 38
v 52 39
v 53 40
v 54 34
v 55 34
v 56 41
v 57 12
v 58 42
v 59 2
v 60 43
v 61 44
v 62 2
v 63 45
v 64 46
v 65 43
v 66 47
v 67 48
v 68 49
v 69 2
v 70 2
v 71 50
v 72 2
v 73 19
v 74 51
v 75 17
v 76 52
v 77 53
v 78 54
v 79 12
v 80 2
v 81 55
v 82 48
v 83 56
v 84 56
v 85 57
v 86 58
v 87 59
v 88 12
v 89 47
v 90 60
v 91 1
v 92 2
v 93 61
v 94 2
v 95 48
v 96 22
v 97 62
v 98 63
v 99 64
v 100 10
v 101 2
v 102 65
v 103 66
v 104 67
v 105 68
v 106 69
v 107 70
v 108 2
v 109 55
v 110 15
v 111 71
v 112 48
v 113 2
v 114 72
v 115 73
v 116 74
v 117 75
v 118 2
v 119 2
v 120 76
v 121 77
v 122 78
v 123 79
v 124 48
v 125 1
v 126 80
e 45 31 21
e 111 66 17
e 116 66 21
e 60 93 6
e 89 93 10
e 23 115 10
e 17 21 10
e 56 45 21
e 117 115 17
e 4 37 10
e 26 115 10
e 45 65 6
e 111 71 17
e 14 122 10
e 5 53 6
e 125 37 9
e 120 4 21
e 41 99 6
e 14 77 10
e 116 45 21
e 32 93 10
e 105 74 21
e 27 97 10
e 97 115 10
e 41 3 17
e 14 104 10
e 111 106 17
e 11 21 7
e 90 91 12
e 89 37 21
e 111 68 17
e 34 53 10
e 74 0 21
e 32 115 10
e 103 115 6
e 21 52 10
e 93 37 21
e 117 53 21
e 41 71 6
e 34 66 10
e 33 60 10
e 126 23 15
e 21 93 6
e 105 12 21
e 66 33 21
e 86 122 4
e 32 39 10
e 27 77 10
e 71 72 12
e 114 115 9
e 17 102 10
e 11 23 7
e 105 27 21
e 17 45 10
e 117 90 18
e 11 102 7
e 51 100 12
e 105 122 10
e 42 115 10
e 81 79 12
e 86 120 4
e 41 97 6
e 74 31 21
e 3 65 10
e 117 87 17
e 23 9 21
e 93 92 12
e 26 63 1
e 17 40 10
e 42 47 12
e 5 74 6
e 25 31 9
e 120 52 21
e 122 52 21
e 40 66 10
e 67 73 12
e 7 85 10
e 117 23 18
e 71 60 21
e 77 60 21
e 117 56 18
e 9 60 10
e 111 26 17
e 21 64 10
e 90 52 21
e 117 74 21
e 23 97 10
e 111 19 17
e 14 13 12
e 71 0 21
e 14 74 10
e 11 52 10
e 40 90 10
e 34 33 21
e 40 4 21
e 121 11 15
e 117 77 17
e 17 37 10
e 11 9 18
e 117 89 17
e 37 52 10
e 5 60 6
e 7 60 10
e 117 14 18
e 31 49 1
e 5 65 10
e 34 45 10
e 117 42 21
e 105 60 21
e 17 52 10
e 102 60 21
e 11 68 7
e 34 104 10
e 9 93 10
e 32 45 10
e 111 32 17
e 11 66 10
e 33 52 10
e 89 52 21
e 21 74 10
e 116 31 21
e 27 71 10
e 7 33 10
e 28 115 9
e 120 0 21
e 7 45 10
e 20 31 9
e 117 74 17
e 3 52 10
e 17 14 21
e 9 8 12
e 5 111 6
e 77 0 21
e 40 97 10
e 5 68 6
e 5 56 6
e 117 52 21
e 17 66 10
e 117 60 17
e 105 4 21
e 121 5 15
e 9 31 10
e 9 33 10
e 120 85 21
e 105 89 21
e 17 32 10
e 32 60 10
e 90 31 21
e 104 39 21
e 4 115 10
e 64 45 21
e 75 31 9
e 68 64 17
e 19 32 6
e 27 99 10
e 23 120 10
e 40 12 21
e 122 4 21
e 57 31 9
e 26 85 10
e 120 33 21
e 34 56 10
e 5 31 10
e 11 35 7
e 33 65 10
e 96 31 9
e 21 116 10
e 60 85 6
e 11 115 10
e 34 39 10
e 64 115 10
e 21 60 10
e 27 60 10
e 117 23 21
e 21 20 12
e 41 111 6
e 117 14 21
e 85 52 21
e 11 34 10
e 11 4 18
e 21 7 21
e 27 85 10
e 93 52 21
e 93 0 21
e 5 42 10
e 14 31 10
e 40 85 10
e 111 3 17
e 3 66 10
e 122 113 12
e 102 39 21
e 104 85 21
e 77 52 21
e 9 45 10
e 117 64 21
e 7 24 12
e 126 17 15
e 111 7 17
e 65 39 21
e 17 31 10
e 9 85 10
e 11 122 10
e 42 52 10
e 5 93 6
e 5 87 6
e 5 32 10
e 23 66 10
e 0 31 10
e 11 0 21
e 27 116 10
e 116 119 12
e 117 104 18
e 42 45 10
e 117 77 21
e 21 85 6
e 17 89 10
e 5 71 6
e 17 122 10
e 117 66 17
e 39 31 21
e 27 53 10
e 97 60 21
e 74 39 21
e 5 106 6
e 11 99 7
e 34 0 21
e 40 122 10
e 77 89 21
e 105 77 21
e 105 11 21
e 46 31 20
e 27 45 10
e 45 0 21
e 58 77 4
e 3 115 10
e 64 65 21
e 27 25 12
e 9 4 21
e 58 56 15
e 11 19 7
e 34 65 10
e 117 64 17
e 117 34 18
e 126 106 20
e 41 120 6
e 11 71 7
e 56 31 21
e 11 53 7
e 21 122 10
e 111 104 17
e 11 45 10
e 38 71 4
e 104 33 21
e 21 66 10
e 14 90 10
e 21 102 10
e 12 0 21
e 117 99 21
e 34 99 10
e 11 77 10
e 11 85 10
e 14 12 21
e 97 65 21
e 27 7 21
e 33 31 21
e 40 34 21
e 11 7 21
e 105 116 10
e 65 85 10
e 66 52 21
e 66 0 21
e 17 97 10
e 11 65 10
e 105 104 21
e 7 66 10
e 33 39 10
e 5 3 21
e 20 65 4
e 122 31 21
e 66 31 21
e 13 31 9
e 9 115 10
e 11 4 21
e 7 65 10
e 111 42 17
e 11 5 18
e 23 14 21
e 56 60 10
e 95 96 12
e 31 52 10
e 117 71 18
e 14 60 10
e 11 40 10
e 41 74 6
e 56 89 10
e 117 12 21
e 11 42 10
e 38 32 15
e 53 52 21
e 40 53 10
e 111 9 17
e 40 65 10
e 99 0 21
e 105 65 21
e 66 37 21
e 26 45 10
e 5 116 6
e 77 33 21
e 56 93 10
e 34 74 10
e 117 115 21
e 42 65 10
e 122 93 21
e 68 122 6
e 37 31 21
e 117 65 17
e 71 90 10
e 17 104 10
e 89 65 21
e 17 77 10
e 83 39 20
e 107 0 15
e 40 74 10
e 111 120 6
e 21 37 10
e 41 122 6
e 11 32 7
e 11 7 18
e 26 0 21
e 11 64 7
e 41 56 6
e 27 120 10
e 74 85 10
e 23 99 10
e 17 34 10
e 105 52 21
e 41 19 17
e 99 93 21
e 68 71 6
e 12 26 10
e 40 32 21
e 120 65 21
e 40 56 10
e 34 89 10
e 53 39 21
e 5 115 10
e 68 4 17
e 34 57 12
e 74 37 21
e 11 56 10
e 117 5 18
e 40 93 10
e 105 33 21
e 14 39 10
e 117 68 18
e 17 90 10
e 27 12 21
e 40 26 21
e 56 85 10
e 53 93 10
e 11 12 7
e 5 97 10
e 40 102 10
e 33 60 6
e 77 93 10
e 71 39 21
e 26 52 10
e 34 64 10
e 32 0 21
e 11 104 7
e 5 77 6
e 43 103 9
e 27 93 10
e 21 12 21
e 33 65 6
e 17 71 10
e 34 3 21
e 110 31 9
e 66 65 21
e 68 90 6
e 14 102 10
e 4 85 10
e 27 31 10
e 90 39 21
e 85 39 21
e 93 115 10
e 14 97 10
e 42 90 10
e 5 39 10
e 5 53 10
e 5 71 10
e 65 0 21
e 42 33 21
e 11 33 10
e 5 34 10
e 117 90 17
e 27 26 21
e 40 28 12
e 32 65 10
e 23 32 10
e 102 93 21
e 117 27 18
e 104 52 21
e 11 116 7
e 68 87 6
e 111 35 17
e 102 101 12
e 4 31 10
e 116 39 21
e 21 42 10
e 64 93 10
e 34 4 21
e 71 85 10
e 38 42 4
e 0 6 1
e 34 116 10
e 99 85 21
e 85 37 21
e 23 3 21
e 56 39 21
e 4 0 21
e 21 9 21
e 117 61 18
e 41 66 6
e 5 74 10
e 56 0 21
e 41 12 17
e 11 90 7
e 23 0 21
e 65 69 12
e 21 115 10
e 97 37 21
e 23 77 10
e 105 64 21
e 23 64 10
e 32 30 12
e 23 17 21
e 53 45 21
e 122 85 21
e 117 120 7
e 23 104 10
e 3 85 10
e 26 39 10
e 117 0 21
e 23 89 10
e 53 65 10
e 126 40 15
e 102 115 10
e 41 64 6
e 39 29 12
e 5 9 10
e 122 115 21
e 45 65 10
e 117 39 21
e 53 31 21
e 117 4 18
e 117 32 17
e 90 115 10
e 26 33 10
e 21 99 10
e 71 31 21
e 71 93 10
e 34 120 10
e 123 116 15
e 5 0 21
e 89 39 21
e 97 94 12
e 117 19 17
e 117 102 17
e 68 53 17
e 11 26 10
e 126 87 20
e 97 89 21
e 11 102 10
e 21 71 10
e 27 89 10
e 34 102 10
e 117 87 18
e 17 33 10
e 105 42 21
e 23 116 10
e 105 9 21
e 13 103 9
e 40 14 21
e 4 1 12
e 40 104 10
e 14 115 6
e 117 35 18
e 117 93 21
e 27 32 10
e 105 37 21
e 17 60 10
e 23 4 21
e 23 31 10
e 64 39 21
e 4 52 10
e 5 12 6
e 40 115 10
e 42 0 21
e 11 27 10
e 14 99 10
e 23 12 21
e 11 3 18
e 109 88 12
e 32 33 10
e 89 33 21
e 27 3 21
e 5 90 6
e 77 80 12
e 12 85 10
e 65 31 21
e 77 85 10
e 117 77 18
e 117 35 17
e 97 99 10
e 23 71 10
e 63 66 9
e 102 33 21
e 34 71 10
e 99 98 12
e 105 93 21
e 33 93 10
e 34 21 21
e 14 120 10
e 117 106 17
e 74 99 10
e 23 26 10
e 14 45 10
e 32 31 21
e 14 37 10
e 120 60 21
e 126 19 20
e 23 93 10
e 117 102 21
e 120 118 12
e 117 7 21
e 38 64 4
e 55 115 9
e 117 17 18
e 7 37 10
e 64 85 10
e 23 102 10
e 5 45 6
e 12 115 10
e 40 21 21
e 12 93 10
e 105 39 21
e 21 56 10
e 60 65 21
e 68 42 17
e 34 93 10
e 14 89 10
e 85 0 21
e 74 93 10
e 5 21 10
e 14 33 10
e 105 5 21
e 65 52 21
e 21 45 6
e 64 52 21
e 117 74 18
e 65 37 21
e 85 31 21
e 64 90 10
e 117 9 18
e 11 17 7
e 105 90 21
e 34 60 10
e 107 89 15
e 23 33 10
e 99 33 21
e 60 45 21
e 11 21 10
e 89 0 21
e 122 45 21
e 117 11 21
e 97 45 21
e 1 37 9
e 17 7 21
e 60 31 21
e 58 74 4
e 71 115 10
e 23 45 10
e 7 115 10
e 89 45 21
e 23 7 21
e 96 115 9
e 40 120 10
e 34 32 21
e 97 52 21
e 86 102 4
e 5 64 6
e 38 53 4
e 64 33 21
e 74 60 21
e 105 14 21
e 5 7 10
e 115 31 21
e 126 41 20
e 117 90 21
e 34 90 10
e 17 16 12
e 14 3 21
e 111 87 17
e 5 56 10
e 11 23 10
e 82 83 1
e 117 116 18
e 7 26 10
e 11 41 7
e 5 12 10
e 116 115 21
e 104 45 21
e 116 85 21
e 90 33 21
e 5 26 10
e 41 32 17
e 53 115 10
e 53 50 12
e 105 97 21
e 37 36 12
e 117 3 18
e 117 71 21
e 21 104 10
e 5 9 6
e 104 4 21
e 117 37 21
e 90 0 21
e 97 31 21
e 117 21 21
e 17 9 21
e 53 85 10
e 104 93 21
e 33 115 10
e 117 102 18
e 58 97 4
e 21 65 10
e 105 117 10
e 4 65 10
e 33 45 6
e 40 71 10
e 117 53 18
e 105 7 21
e 64 0 21
e 14 4 21
e 120 37 21
e 98 89 20
e 12 66 10
e 23 56 10
e 5 23 10
e 21 53 10
e 117 53 17
e 40 7 21
e 117 45 17
e 21 39 10
e 5 104 6
e 117 89 18
e 11 34 7
e 115 52 21
e 12 37 10
e 117 99 17
e 12 52 10
e 120 31 21
e 102 0 21
e 34 31 21
e 41 77 6
e 49 52 9
e 100 103 9
e 12 60 10
e 99 65 21
e 11 77 7
e 21 31 10
e 123 3 15
e 5 90 10
e 117 9 17
e 56 65 10
e 17 3 21
e 117 122 6
e 40 52 10
e 68 120 6
e 9 37 10
e 5 7 6
e 117 26 21
e 17 12 21
e 41 68 6
e 60 85 10
e 69 93 4
e 14 27 10
e 17 53 10
e 105 115 10
e 17 26 10
e 11 17 10
e 5 52 10
e 21 93 10
e 4 45 10
e 104 65 21
e 27 122 10
e 41 106 6
e 5 60 10
e 23 40 10
e 117 3 17
e 111 12 17
e 117 27 21
e 117 19 18
e 117 111 17
e 14 71 10
e 9 0 21
e 27 9 21
e 14 65 10
e 117 122 7
e 3 93 10
e 41 89 6
e 60 65 17
e 60 115 10
e 74 65 21
e 91 37 9
e 21 0 21
e 14 66 10
e 105 102 21
e 56 115 10
e 105 0 21
e 89 85 10
e 115 0 21
e 85 115 10
e 116 52 21
e 99 37 21
e 17 93 10
e 21 77 10
e 11 93 10
e 56 48 12
e 71 33 21
e 9 52 10
e 5 37 10
e 27 102 10
e 7 0 21
e 97 93 21
e 5 4 21
e 21 120 10
e 11 74 10
e 19 53 6
e 34 97 10
e 34 37 10
e 105 45 21
e 126 111 20
e 117 65 21
e 44 85 4
e 5 89 6
e 7 31 10
e 14 52 10
e 26 37 10
e 117 56 21
e 117 42 17
e 41 42 6
e 117 85 21
e 93 39 21
e 117 99 18
e 117 12 17
e 34 122 10
e 117 61 17
e 116 33 21
e 60 52 21
e 5 102 6
e 110 60 4
e 12 39 10
e 105 71 21
e 117 32 18
e 20 60 4
e 102 85 21
e 124 125 12
e 41 53 6
e 20 33 4
e 5 104 10
e 85 84 12
e 105 17 21
e 14 85 10
e 23 74 10
e 17 64 10
e 3 60 10
e 117 97 17
e 5 32 6
e 34 85 10
e 53 60 10
e 117 26 17
e 40 0 21
e 23 27 10
e 117 21 18
e 99 52 21
e 32 52 10
e 11 26 7
e 66 45 21
e 102 31 21
e 105 120 10
e 117 17 21
e 66 85 10
e 11 53 10
e 34 52 10
e 23 90 10
e 26 93 10
e 19 71 6
e 117 122 10
e 11 89 10
e 34 12 21
e 45 37 21
e 117 106 18
e 111 122 6
e 66 93 10
e 3 31 10
e 12 10 12
e 14 56 10
e 17 56 10
e 33 93 6
e 117 60 21
e 22 31 9
e 14 26 10
e 117 116 21
e 34 115 6
e 11 64 10
e 23 21 21
e 97 39 21
e 15 31 9
e 17 0 21
e 53 0 21
e 117 12 18
e 12 65 10
e 3 39 10
e 27 42 10
e 5 66 10
e 5 27 10
e 71 52 21
e 65 93 10
e 5 126 1
e 102 52 21
e 19 64 6
e 5 14 10
e 5 89 10
e 34 77 10
e 40 60 10
e 26 66 10
e 27 56 10
e 42 60 10
e 116 65 21
e 90 93 10
e 117 104 21
e 89 60 21
e 41 102 6
e 117 111 18
e 17 85 10
e 86 9 15
e 5 40 10
e 111 90 17
e 117 40 21
e 99 45 21
e 56 33 21
e 27 90 10
e 126 68 20
e 122 39 21
e 23 39 10
e 11 14 7
e 11 97 7
e 27 115 10
e 74 52 21
e 68 32 17
e 4 60 10
e 7 39 10
e 23 65 10
e 0 52 10
e 11 111 7
e 11 66 7
e 21 85 10
e 41 26 17
e 3 2 12
e 32 85 10
e 104 0 21
e 44 21 15
e 11 122 7
e 17 27 10
e 99 89 21
e 56 37 21
e 5 42 6
e 40 3 21
e 40 39 21
e 89 115 10
e 60 0 21
e 17 42 10
e 23 122 10
e 105 21 21
e 33 85 6
e 14 64 10
e 105 66 21
e 56 99 10
e 33 85 10
e 116 60 21
e 45 85 6
e 64 62 12
e 123 12 15
e 26 60 10
e 34 7 21
e 5 120 10
e 104 115 10
e 45 52 10
e 64 37 21
e 61 58 12
e 33 37 10
e 11 14 10
e 68 35 17
e 117 31 21
e 14 116 10
e 21 33 10
e 122 65 21
e 9 39 10
e 12 33 10
e 106 123 1
e 12 45 10
e 4 39 10
e 122 60 21
e 40 33 21
e 77 45 21
e 99 60 21
e 90 65 21
e 11 12 10
e 41 104 6
e 120 93 21
e 117 42 18
e 53 33 21
e 42 37 21
e 32 37 10
e 5 66 6
e 40 42 10
e 3 37 10
e 105 107 1
e 11 97 10
e 12 31 10
e 7 52 10
e 90 60 21
e 11 9 21
e 41 35 17
e 105 23 21
e 105 56 21
e 117 66 21
e 40 31 21
e 34 14 21
e 19 90 6
e 39 52 10
e 93 31 21
e 77 37 21
e 41 116 6
e 97 33 21
e 102 45 21
e 5 64 10
e 64 60 21
e 5 115 6
e 3 33 10
e 11 116 10
e 126 27 15
e 42 31 21
e 23 22 12
e 117 97 18
e 117 66 18
e 115 37 21
e 5 97 6
e 14 53 10
e 74 115 10
e 5 120 6
e 86 104 4
e 111 4 17
e 21 32 10
e 117 40 18
e 34 27 21
e 17 74 10
e 99 39 21
e 111 116 6
e 5 61 6
e 4 33 10
e 104 108 12
e 105 32 21
e 53 90 10
e 14 42 10
e 105 3 21
e 117 116 17
e 77 39 21
e 5 85 6
e 105 31 21
e 14 9 21
e 5 99 10
e 79 31 9
e 17 4 21
e 71 37 21
e 42 93 10
e 11 99 10
e 28 31 9
e 41 90 6
e 5 85 10
e 84 39 20
e 97 0 21
e 11 27 7
e 73 31 9
e 11 40 7
e 117 9 21
e 105 40 21
e 41 61 6
e 40 45 10
e 27 65 10
e 116 26 21
e 17 120 10
e 104 60 21
e 77 65 21
e 117 64 18
e 33 45 10
e 93 85 21
e 117 56 17
e 11 42 7
e 117 7 17
e 117 26 18
e 35 38 1
e 60 59 12
e 11 5 21
e 117 45 21
e 41 7 17
e 41 4 17
e 100 31 9
e 23 37 10
e 27 64 10
e 111 64 17
e 71 65 21
e 77 99 10
e 120 115 21
e 18 31 9
e 116 37 21
e 45 115 10
e 117 93 17
e 120 45 21
e 87 86 12
e 23 34 10
e 66 60 21
e 45 93 6
e 21 45 10
e 117 4 17
e 21 89 10
e 116 0 21
e 19 42 6
e 110 65 4
e 11 106 7
e 21 26 10
e 5 35 6
e 117 89 21
e 126 14 15
e 5 122 6
e 40 64 10
e 74 89 21
e 32 90 10
e 105 26 21
e 11 90 10
e 5 17 10
e 40 37 21
e 42 39 21
e 102 65 21
e 117 32 21
e 110 33 4
e 105 53 21
e 40 9 21
e 27 52 10
e 5 116 10
e 40 77 10
e 23 60 10
e 66 39 21
e 45 85 10
e 126 61 20
e 60 39 21
e 21 97 10
e 11 32 10
e 117 33 21
e 7 93 10
e 21 60 6
e 74 33 21
e 40 27 21
e 27 104 10
e 74 70 12
e 11 104 10
e 27 4 21
e 11 120 7
e 33 0 21
e 117 97 21
e 14 7 21
e 11 39 10
e 90 37 21
e 68 9 17
e 21 90 10
e 26 31 10
e 5 19 6
e 59 45 4
e 14 32 10
e 111 102 17
e 99 31 21
e 5 33 10
e 3 0 21
e 71 45 21
e 56 52 21
e 14 115 10
e 68 102 6
e 3 26 10
e 105 85 21
e 102 37 21
e 111 53 17
e 117 71 17
e 41 87 6
e 11 71 10
e 21 4 21
e 5 102 10
e 27 37 10
e 5 26 6
e 11 60 10
e 42 85 10
e 5 3 17
e 41 9 17
e 97 85 21
e 11 89 7
e 126 7 15
e 5 65 6
e 117 120 6
e 40 89 10
e 17 115 10
e 116 93 21
e 14 93 10
e 117 4 21
e 21 65 6
e 66 115 10
e 68 104 6
e 11 3 21
e 68 19 17
e 11 31 10
e 122 33 21
e 27 33 10
e 5 77 10
e 11 56 7
e 102 4 21
e 23 42 10
e 117 85 17
e 117 68 17
e 117 3 21
e 45 93 10
e 60 37 21
e 34 115 10
e 11 74 7
e 117 5 21
e 78 75 12
e 23 52 10
e 23 53 10
e 5 122 10
e 5 4 17
e 3 45 10
e 34 26 21
e 112 110 12
e 5 45 10
e 74 45 21
e 115 39 21
e 14 0 21
e 65 115 10
e 89 31 21
e 16 31 9
e 17 116 10
e 23 85 10
e 60 93 10
e 14 21 10
e 105 34 21
e 17 99 10
e 77 115 10
e 27 0 21
e 19 35 6
e 17 65 10
e 27 66 10
e 54 115 4
e 34 42 10
e 126 35 20
e 40 99 10
e 64 31 21
e 117 34 21
e 126 34 15
e 122 0 21
e 4 93 10
e 45 39 21
e 117 121 1
e 27 39 10
e 34 9 21
e 11 120 10
e 17 39 10
e 117 120 10
e 26 65 10
e 11 37 10
e 107 66 15
e 117 41 18
e 88 31 9
e 104 31 21
e 99 115 10
e 40 116 10
e 77 31 21
e 27 74 10
e 21 3 21
e 122 37 21
e 105 99 21
e 27 21 21
e 5 99 6
e 11 61 7
e 90 85 21
e 117 7 18
e 126 21 20
e 5 93 10
e 11 87 7
e 120 39 21
e 90 45 21
e 53 37 21
e 9 65 10
e 117 104 17
e 76 117 4
e 104 37 21
e 102 4 20
e 0 31 9
e 74 99 9
e 97 99 9
e 77 99 9
e 56 99 9
e 9 4 20
e 32 90 9
e 120 4 20
e 104 4 20
e 71 90 9
e 39 31 20
e 53 90 9
e 93 85 20
e 42 90 9
e 12 26 9
e 122 4 20
e 116 26 20
e 7 26 9
e 3 26 9
e 37 31 20
e 64 90 9
-
t # 2 U 1
v 0 50
v 1 2
v 2 81
v 3 2
v 4 71
v 5 17
v 6 66
v 7 2
v 8 54
v 9 82
v 10 2
v 11 83
v 12 32
v 13 47
v 14 16
v 15 15
v 16 52
v 17 2
v 18 31
v 19 60
v 20 1
v 21 83
v 22 2
v 23 2
v 24 55
v 25 74
v 26 12
v 27 61
v 28 84
v 29 2
v 30 79
v 31 46
v 32 2
v 33 12
v 34 85
v 35 69
v 36 55
v 37 22
v 38 73
v 39 48
v 40 3
v 41 19
v 42 25
v 43 48
v 44 41
v 45 86
v 46 2
v 47 9
v 48 2
v 49 82
v 50 56
v 51 48
v 52 56
v 53 44
v 54 57
v 55 10
v 56 42
v 57 2
v 58 0
v 59 53
v 60 45
v 61 2
v 62 87
v 63 20
v 64 2
v 65 2
v 66 78
v 67 48
v 68 88
v 69 28
v 70 2
v 71 2
v 72 51
v 73 43
v 74 2
v 75 35
v 76 2
v 77 6
v 78 17
v 79 18
v 80 2
v 81 15
v 82 5
v 83 48
v 84 2
v 85 77
v 86 2
v 87 49
v 88 70
v 89 75
v 90 28
v 91 68
v 92 43
v 93 2
v 94 28
v 95 2
v 96 2
v 97 1
v 98 8
v 99 7
v 100 89
v 101 90
v 102 91
v 103 47
v 104 48
v 105 76
v 106 90
v 107 2
v 108 12
v 109 13
v 110 92
v 111 2
v 112 80
v 113 59
v 114 28
v 115 2
v 116 58
v 117 75
v 118 77
v 119 93
v 120 23
v 121 14
v 122 8
v 123 2
v 124 37
v 125 5
v 126 12
v 127 22
v 128 1
v 129 48
v 130 30
v 131 4
v 132 26
v 133 38
v 134 27
v 135 34
v 136 29
v 137 94
v 138 34
v 139 67
v 140 95
v 141 96
v 142 34
v 143 21
v 144 81
v 145 34
v 146 66
v 147 34
v 148 2
v 149 65
v 150 2
v 151 11
v 152 39
v 153 97
v 154 10
v 155 40
v 156 62
v 157 2
v 158 8
v 159 5
v 160 64
v 161 2
v 162 63
v 163 2
v 164 92
v 165 24
v 166 84
v 167 2
v 168 2
v 169 77
v 170 98
v 171 19
v 172 75
v 173 86
v 174 99
e 151 110 10
e 63 27 10
e 79 38 10
e 58 61 1
e 122 160 7
e 82 66 10
e 117 13 18
e 82 75 10
e 62 64 12
e 117 109 21
e 116 66 4
e 125 166 6
e 117 100 7
e 11 75 21
e 79 132 10
e 47 152 10
e 121 165 6
e 158 159 18
e 166 100 10
e 132 100 10
e 122 114 10
e 40 92 10
e 38 152 21
e 130 166 10
e 6 21 6
e 159 21 6
e 19 94 21
e 149 69 21
e 14 114 10
e 117 122 21
e 13 42 21
e 172 54 21
e 79 69 10
e 40 58 21
e 79 92 10
e 11 42 21
e 143 44 10
e 125 114 10
e 27 90 21
e 18 53 6
e 59 114 21
e 89 166 6
e 122 0 10
e 14 158 21
e 122 25 10
e 9 119 6
e 159 92 10
e 14 156 10
e 126 120 9
e 79 94 10
e 136 12 4
e 122 143 10
e 82 0 6
e 122 14 7
e 79 73 10
e 125 153 10
e 14 13 10
e 13 92 21
e 44 152 21
e 27 54 21
e 132 92 10
e 105 69 21
e 119 94 21
e 174 54 21
e 144 9 6
e 79 166 10
e 79 72 10
e 153 28 21
e 125 119 10
e 11 58 21
e 82 66 6
e 82 27 10
e 72 92 21
e 82 73 10
e 66 42 21
e 166 119 6
e 164 49 21
e 125 42 10
e 87 131 17
e 42 114 10
e 110 164 17
e 164 137 6
e 49 62 6
e 82 174 10
e 105 73 21
e 89 42 21
e 44 27 10
e 2 152 21
e 17 28 4
e 91 40 21
e 103 28 10
e 77 2 10
e 79 11 10
e 49 73 21
e 62 69 21
e 132 66 10
e 14 59 10
e 38 149 21
e 174 13 21
e 63 92 10
e 82 27 6
e 47 58 21
e 82 99 6
e 139 114 21
e 25 29 12
e 41 120 9
e 11 21 17
e 159 27 10
e 89 100 10
e 2 28 6
e 117 25 21
e 159 62 10
e 137 114 21
e 125 164 10
e 117 137 10
e 172 28 6
e 166 120 21
e 19 27 10
e 79 100 10
e 13 69 21
e 117 63 17
e 98 2 10
e 122 131 18
e 119 152 21
e 172 21 6
e 109 89 10
e 153 75 21
e 151 119 10
e 117 113 18
e 174 63 21
e 9 92 21
e 160 54 21
e 2 114 21
e 110 153 10
e 130 77 21
e 62 100 10
e 172 49 6
e 79 0 10
e 9 42 21
e 82 90 10
e 54 52 12
e 73 90 21
e 132 19 10
e 153 21 21
e 11 152 21
e 174 62 21
e 87 19 6
e 18 155 6
e 31 54 10
e 63 166 10
e 63 119 10
e 77 166 10
e 18 149 6
e 44 54 10
e 11 28 6
e 111 144 4
e 130 105 10
e 40 166 10
e 103 21 10
e 122 18 7
e 117 18 18
e 11 49 21
e 151 38 10
e 117 151 21
e 28 94 21
e 163 166 4
e 136 0 4
e 144 73 21
e 132 137 10
e 85 125 15
e 159 62 6
e 125 164 6
e 109 152 10
e 117 19 21
e 9 49 21
e 2 54 21
e 156 69 21
e 18 139 6
e 131 90 10
e 11 100 10
e 158 21 7
e 149 92 21
e 144 58 21
e 42 54 6
e 0 54 10
e 14 119 10
e 89 110 7
e 109 132 10
e 164 75 21
e 38 31 21
e 11 28 10
e 144 27 21
e 172 69 21
e 63 73 10
e 18 77 17
e 14 137 10
e 174 139 21
e 110 11 21
e 117 2 10
e 164 28 21
e 9 75 21
e 117 9 10
e 28 58 21
e 79 103 10
e 109 119 10
e 77 73 10
e 159 49 10
e 122 66 7
e 63 114 10
e 153 2 21
e 117 75 21
e 82 120 10
e 38 98 21
e 174 19 21
e 53 56 12
e 91 139 21
e 15 42 4
e 91 165 21
e 40 125 10
e 130 62 10
e 122 35 7
e 38 172 10
e 122 137 7
e 30 40 15
e 137 158 21
e 151 49 10
e 143 131 21
e 73 27 10
e 174 155 21
e 25 92 21
e 130 89 10
e 91 88 1
e 151 139 10
e 47 21 10
e 0 75 21
e 4 137 6
e 98 159 21
e 122 149 10
e 117 9 7
e 82 31 6
e 82 31 10
e 77 49 10
e 174 44 21
e 18 12 6
e 100 42 21
e 38 100 10
e 63 9 10
e 109 125 21
e 14 9 10
e 40 62 10
e 50 114 20
e 151 165 10
e 149 152 21
e 165 19 10
e 42 92 10
e 151 38 6
e 117 77 21
e 174 66 21
e 139 73 21
e 166 94 21
e 79 160 10
e 47 103 10
e 14 47 21
e 143 159 21
e 91 120 21
e 87 66 6
e 91 151 21
e 132 73 10
e 56 72 4
e 109 73 10
e 91 156 21
e 117 120 21
e 77 69 10
e 174 31 21
e 144 120 21
e 110 9 17
e 132 158 21
e 130 59 10
e 156 75 21
e 92 86 12
e 12 27 10
e 122 47 7
e 47 119 10
e 172 21 7
e 122 151 7
e 82 13 10
e 165 58 21
e 91 153 10
e 82 114 10
e 164 152 21
e 153 92 21
e 125 9 6
e 77 110 10
e 91 38 10
e 117 40 21
e 55 120 9
e 165 94 10
e 38 94 21
e 174 160 21
e 109 14 10
e 117 99 17
e 109 19 10
e 40 159 10
e 174 42 21
e 144 11 10
e 132 75 10
e 117 156 18
e 117 35 17
e 132 90 10
e 11 94 21
e 143 2 10
e 2 94 21
e 82 2 10
e 144 153 6
e 117 53 18
e 91 59 21
e 117 103 21
e 132 172 10
e 125 2 10
e 117 144 10
e 117 72 18
e 72 120 21
e 89 21 10
e 14 62 10
e 144 42 21
e 38 40 21
e 72 94 21
e 151 54 10
e 117 172 21
e 38 27 21
e 98 144 10
e 117 152 21
e 119 69 21
e 47 110 10
e 40 28 10
e 21 90 21
e 143 100 10
e 40 63 10
e 98 21 10
e 166 62 10
e 54 152 21
e 130 75 10
e 166 2 21
e 66 58 21
e 9 73 21
e 9 11 10
e 4 100 6
e 174 137 21
e 130 143 21
e 18 165 17
e 156 42 21
e 143 155 10
e 143 12 10
e 31 94 21
e 153 42 21
e 14 27 6
e 165 54 10
e 79 12 10
e 112 132 15
e 25 103 21
e 77 11 10
e 42 152 10
e 82 149 10
e 38 99 21
e 151 159 21
e 151 174 10
e 151 120 10
e 79 75 10
e 82 19 10
e 117 155 18
e 105 90 21
e 82 59 10
e 139 90 21
e 25 89 10
e 63 54 10
e 14 73 6
e 91 79 21
e 149 94 21
e 166 75 21
e 130 92 10
e 122 54 10
e 103 159 21
e 172 2 10
e 130 0 10
e 4 19 17
e 40 2 10
e 117 62 10
e 2 42 21
e 110 27 21
e 73 69 21
e 77 58 21
e 77 63 10
e 0 42 21
e 169 159 15
e 155 75 21
e 13 58 21
e 130 31 10
e 164 166 21
e 155 19 10
e 114 115 12
e 117 155 21
e 174 72 21
e 91 21 10
e 82 9 10
e 117 132 21
e 47 73 10
e 112 113 20
e 117 40 18
e 82 164 10
e 81 92 4
e 109 160 10
e 25 42 21
e 130 14 21
e 89 94 21
e 109 11 10
e 122 72 7
e 82 4 6
e 117 12 17
e 117 59 17
e 45 120 20
e 143 49 10
e 40 11 10
e 137 42 21
e 109 12 10
e 79 174 10
e 77 28 10
e 172 73 21
e 59 42 21
e 121 12 6
e 170 166 20
e 69 107 12
e 63 75 10
e 122 110 10
e 49 62 10
e 137 62 21
e 143 139 10
e 4 165 17
e 155 69 21
e 122 79 10
e 38 131 21
e 145 54 4
e 18 153 6
e 119 153 10
e 117 44 18
e 79 28 10
e 109 110 10
e 59 94 21
e 144 54 21
e 21 58 21
e 144 75 21
e 174 2 21
e 40 100 10
e 159 58 21
e 25 120 21
e 31 152 21
e 30 9 9
e 91 152 21
e 151 105 10
e 91 63 21
e 105 114 21
e 164 58 21
e 117 38 21
e 43 41 12
e 11 49 17
e 38 9 10
e 79 172 10
e 14 120 10
e 72 13 21
e 164 21 21
e 155 161 12
e 38 125 21
e 132 174 10
e 91 94 21
e 87 12 17
e 38 144 10
e 4 131 17
e 122 152 10
e 82 125 21
e 14 63 10
e 131 73 10
e 13 90 21
e 63 28 10
e 103 89 10
e 130 153 10
e 144 100 10
e 125 58 21
e 153 62 21
e 139 42 21
e 158 28 10
e 172 92 21
e 14 125 21
e 79 119 10
e 14 40 21
e 91 66 10
e 28 62 6
e 122 38 7
e 59 152 21
e 47 75 10
e 47 69 10
e 156 94 21
e 91 92 21
e 110 166 21
e 91 160 21
e 143 89 10
e 137 11 21
e 98 11 10
e 109 100 10
e 117 174 10
e 44 114 21
e 38 0 21
e 14 75 10
e 2 28 10
e 117 110 10
e 4 113 17
e 103 94 21
e 82 134 6
e 153 172 21
e 82 92 6
e 98 110 10
e 132 58 21
e 159 75 10
e 82 49 6
e 130 155 10
e 119 90 21
e 156 120 21
e 18 44 6
e 122 155 7
e 77 119 10
e 117 53 17
e 117 134 18
e 38 114 21
e 170 28 20
e 125 73 10
e 144 114 21
e 79 47 21
e 122 77 18
e 156 157 12
e 89 9 6
e 59 73 21
e 109 174 10
e 110 152 21
e 12 69 21
e 66 90 21
e 166 119 10
e 153 114 21
e 158 49 7
e 103 27 10
e 132 49 10
e 109 108 12
e 73 92 21
e 89 49 10
e 109 94 10
e 19 120 21
e 151 47 21
e 112 109 15
e 91 69 21
e 110 21 21
e 67 68 1
e 98 144 7
e 119 159 21
e 91 172 10
e 122 82 21
e 40 9 10
e 144 28 10
e 94 152 10
e 132 143 21
e 91 11 10
e 106 90 20
e 14 75 6
e 110 166 17
e 38 12 21
e 100 94 21
e 89 153 7
e 38 153 10
e 110 49 21
e 79 125 21
e 89 73 21
e 158 58 21
e 9 153 10
e 47 63 10
e 82 99 10
e 38 11 10
e 38 13 21
e 28 27 21
e 25 158 21
e 58 120 10
e 151 14 10
e 160 27 21
e 122 49 7
e 130 99 21
e 172 28 10
e 11 62 6
e 99 152 10
e 76 75 4
e 47 11 10
e 105 27 21
e 109 92 10
e 79 31 10
e 56 59 4
e 130 139 10
e 130 151 21
e 4 134 17
e 174 114 21
e 133 55 12
e 24 26 12
e 89 62 10
e 109 114 10
e 98 90 10
e 31 42 21
e 172 158 21
e 166 27 21
e 109 158 21
e 18 100 6
e 82 137 10
e 38 103 21
e 174 40 21
e 117 44 21
e 82 47 6
e 79 159 21
e 42 75 6
e 89 166 10
e 117 75 17
e 117 137 6
e 44 90 21
e 40 89 10
e 9 100 10
e 130 90 21
e 47 90 10
e 82 139 6
e 110 164 21
e 9 21 10
e 91 166 10
e 21 27 21
e 82 54 6
e 77 125 21
e 151 9 10
e 122 73 10
e 119 123 12
e 132 47 21
e 79 27 10
e 158 114 10
e 122 165 7
e 82 89 10
e 40 164 10
e 14 0 10
e 174 166 21
e 103 158 21
e 91 109 21
e 40 119 10
e 105 42 21
e 4 66 6
e 172 28 7
e 122 158 21
e 89 152 21
e 99 75 10
e 109 2 10
e 72 71 12
e 77 62 10
e 81 120 9
e 49 27 21
e 132 54 10
e 109 31 10
e 75 90 21
e 99 54 10
e 75 120 21
e 19 75 21
e 143 28 10
e 172 90 21
e 151 66 10
e 14 139 10
e 75 27 6
e 143 11 10
e 99 90 10
e 108 120 9
e 122 90 10
e 73 75 21
e 100 101 1
e 4 9 6
e 42 73 10
e 59 13 21
e 122 38 10
e 122 9 10
e 122 59 10
e 11 27 21
e 130 12 10
e 109 105 10
e 174 173 12
e 156 92 21
e 132 0 10
e 165 120 21
e 122 109 7
e 98 166 10
e 38 165 21
e 119 73 21
e 122 72 10
e 149 120 21
e 165 90 10
e 151 25 10
e 153 90 21
e 77 137 10
e 110 2 21
e 132 151 21
e 117 153 6
e 54 94 21
e 11 120 21
e 117 82 18
e 172 62 6
e 82 63 6
e 91 158 21
e 117 54 17
e 82 25 10
e 101 90 20
e 77 27 10
e 99 69 10
e 44 92 10
e 11 21 21
e 160 152 21
e 72 75 21
e 151 158 21
e 149 58 21
e 155 54 10
e 91 110 10
e 91 49 10
e 155 114 21
e 4 121 17
e 159 49 6
e 0 92 21
e 144 9 10
e 122 12 7
e 122 160 10
e 172 120 21
e 130 28 10
e 77 21 10
e 143 27 10
e 164 69 21
e 130 66 10
e 47 144 10
e 66 131 21
e 131 42 10
e 109 59 10
e 89 164 6
e 2 92 21
e 130 69 21
e 25 137 10
e 82 130 10
e 172 49 10
e 14 21 10
e 79 149 10
e 100 120 21
e 21 120 21
e 164 54 21
e 2 100 10
e 156 58 21
e 63 144 10
e 151 28 10
e 112 14 20
e 19 73 21
e 89 172 21
e 117 73 17
e 4 31 17
e 138 172 4
e 130 152 10
e 144 164 6
e 117 139 17
e 59 120 21
e 121 31 6
e 144 148 12
e 137 49 21
e 136 31 4
e 82 40 21
e 164 11 21
e 47 62 10
e 109 99 21
e 151 155 10
e 38 62 10
e 100 54 21
e 98 54 10
e 122 28 10
e 21 62 6
e 117 166 10
e 117 105 10
e 4 103 17
e 98 137 10
e 49 54 21
e 77 100 10
e 125 69 10
e 19 58 21
e 79 90 10
e 149 54 21
e 62 73 21
e 151 42 10
e 110 28 21
e 82 110 10
e 174 164 21
e 38 2 10
e 9 152 21
e 82 0 10
e 14 164 10
e 114 152 10
e 137 58 21
e 158 100 7
e 158 11 10
e 117 105 6
e 5 120 9
e 77 74 12
e 172 42 21
e 25 69 21
e 164 62 21
e 91 100 10
e 28 100 6
e 4 139 17
e 79 98 21
e 141 62 15
e 164 172 21
e 130 72 10
e 14 73 10
e 44 13 10
e 12 90 21
e 82 14 10
e 38 166 10
e 25 49 10
e 144 172 21
e 98 158 21
e 91 14 21
e 40 120 10
e 79 54 10
e 28 92 21
e 79 59 10
e 166 58 21
e 136 155 4
e 79 66 10
e 63 94 10
e 158 75 10
e 40 54 10
e 72 114 21
e 9 153 6
e 132 2 10
e 117 11 10
e 132 28 10
e 4 40 17
e 117 94 21
e 122 4 7
e 0 69 21
e 89 9 7
e 38 69 21
e 25 119 10
e 117 40 17
e 75 54 10
e 12 42 21
e 110 54 21
e 110 144 21
e 112 35 20
e 153 73 21
e 91 12 21
e 153 58 21
e 27 114 21
e 158 152 10
e 109 75 10
e 82 69 10
e 117 87 17
e 164 120 21
e 25 58 21
e 91 77 21
e 37 120 9
e 110 119 6
e 14 144 10
e 117 72 17
e 151 160 10
e 54 114 21
e 132 160 10
e 47 100 10
e 143 59 10
e 135 38 9
e 77 164 10
e 139 120 21
e 4 63 17
e 14 19 10
e 122 143 7
e 143 40 21
e 82 58 21
e 77 92 10
e 149 42 21
e 25 125 21
e 117 0 21
e 122 174 10
e 11 62 10
e 132 125 21
e 166 172 21
e 14 49 10
e 143 77 21
e 91 82 21
e 117 125 21
e 62 152 21
e 82 109 10
e 122 134 7
e 143 63 21
e 172 11 10
e 159 152 10
e 98 125 18
e 14 103 10
e 0 58 21
e 117 21 10
e 77 120 10
e 109 42 10
e 49 120 21
e 166 11 21
e 18 49 6
e 40 73 10
e 88 13 15
e 18 160 6
e 117 137 7
e 160 75 21
e 2 100 6
e 141 11 15
e 103 11 10
e 159 73 10
e 103 137 10
e 2 21 6
e 143 171 12
e 122 63 10
e 2 21 10
e 122 13 10
e 122 62 10
e 18 105 6
e 79 25 10
e 69 152 10
e 89 125 18
e 136 165 15
e 156 160 10
e 98 27 10
e 165 152 10
e 87 121 17
e 122 105 7
e 66 54 21
e 122 121 7
e 109 69 10
e 77 90 10
e 31 69 21
e 77 75 10
e 103 9 10
e 146 166 6
e 117 131 18
e 77 144 10
e 158 69 10
e 137 90 21
e 119 92 21
e 164 9 21
e 98 153 7
e 109 13 10
e 117 130 18
e 112 87 20
e 14 153 10
e 151 63 10
e 166 137 10
e 122 155 10
e 98 75 10
e 19 69 21
e 117 100 10
e 77 42 10
e 82 132 10
e 91 117 10
e 153 152 21
e 38 139 21
e 63 11 10
e 18 19 6
e 66 92 21
e 172 100 6
e 158 49 10
e 151 40 21
e 164 27 21
e 121 0 6
e 91 164 10
e 155 94 21
e 117 25 18
e 109 155 10
e 174 98 21
e 125 152 10
e 31 92 21
e 130 174 10
e 47 27 10
e 117 42 21
e 122 44 10
e 143 31 10
e 91 25 10
e 62 54 21
e 165 114 10
e 144 158 21
e 38 54 21
e 109 58 21
e 132 72 10
e 0 1 12
e 166 152 21
e 164 153 6
e 143 144 10
e 103 90 21
e 137 69 21
e 122 137 10
e 166 137 6
e 4 47 17
e 130 160 10
e 49 152 21
e 4 105 6
e 166 49 21
e 125 159 21
e 91 75 21
e 30 25 15
e 132 98 21
e 92 152 21
e 82 75 6
e 98 42 10
e 13 27 10
e 125 62 10
e 100 27 21
e 117 82 21
e 122 12 10
e 117 92 17
e 91 143 21
e 28 54 21
e 98 73 10
e 63 89 10
e 72 58 21
e 139 94 21
e 90 120 21
e 63 60 1
e 125 21 10
e 164 94 21
e 99 58 21
e 38 59 21
e 82 156 6
e 144 166 6
e 125 166 10
e 117 27 17
e 79 158 21
e 42 54 10
e 82 54 10
e 63 2 10
e 73 94 21
e 144 137 6
e 79 44 10
e 40 46 12
e 109 28 10
e 47 54 10
e 153 159 21
e 25 114 21
e 12 58 21
e 122 99 21
e 66 70 12
e 117 0 18
e 125 102 1
e 0 94 21
e 68 69 20
e 99 42 10
e 9 137 10
e 82 77 6
e 122 164 10
e 119 75 21
e 117 105 7
e 52 114 20
e 47 125 21
e 105 92 21
e 117 151 18
e 9 27 21
e 117 77 17
e 144 92 21
e 174 94 21
e 122 19 10
e 112 174 4
e 109 164 10
e 174 25 21
e 166 153 6
e 125 137 6
e 155 42 21
e 158 159 21
e 144 62 10
e 91 122 21
e 159 100 10
e 14 27 10
e 130 158 21
e 35 30 1
e 130 58 21
e 174 152 21
e 155 73 10
e 117 121 17
e 110 114 21
e 72 160 10
e 42 94 10
e 82 172 10
e 151 19 10
e 2 58 21
e 125 172 10
e 122 149 7
e 130 54 10
e 159 42 10
e 139 27 21
e 116 149 4
e 151 99 21
e 82 98 10
e 110 42 21
e 159 28 6
e 47 94 10
e 122 156 10
e 69 120 21
e 117 113 17
e 117 73 21
e 174 90 21
e 110 158 21
e 92 58 21
e 18 63 17
e 79 143 10
e 49 94 21
e 102 119 4
e 132 12 10
e 79 153 10
e 122 77 21
e 109 159 21
e 130 114 21
e 82 53 6
e 92 27 10
e 117 134 17
e 82 139 10
e 109 153 10
e 66 120 21
e 91 114 21
e 151 72 10
e 117 158 21
e 88 58 15
e 31 114 21
e 164 90 21
e 98 9 10
e 137 54 21
e 66 152 21
e 130 11 10
e 9 28 10
e 38 120 21
e 91 99 21
e 87 165 17
e 174 159 21
e 109 63 10
e 112 4 20
e 144 137 10
e 14 58 21
e 27 152 21
e 66 114 21
e 31 75 21
e 60 153 9
e 137 159 21
e 122 53 7
e 14 99 21
e 89 153 10
e 38 164 10
e 28 73 21
e 122 99 18
e 140 45 12
e 122 159 21
e 99 95 12
e 40 114 10
e 132 114 10
e 100 90 21
e 164 153 10
e 125 137 10
e 77 159 21
e 14 77 21
e 82 77 10
e 131 54 10
e 156 27 21
e 18 87 6
e 81 42 4
e 25 73 21
e 153 27 21
e 28 90 21
e 110 119 10
e 47 137 10
e 160 90 21
e 91 13 21
e 44 160 10
e 117 160 17
e 121 134 6
e 117 118 1
e 2 62 10
e 11 73 21
e 82 131 21
e 171 120 9
e 75 114 21
e 66 73 21
e 25 9 10
e 143 14 21
e 89 2 10
e 99 27 10
e 82 165 6
e 117 160 21
e 149 73 21
e 9 137 6
e 118 122 15
e 160 114 21
e 117 54 21
e 109 9 10
e 172 159 21
e 143 165 10
e 66 94 21
e 2 69 21
e 160 162 12
e 130 25 10
e 91 73 21
e 117 165 18
e 2 120 21
e 158 94 10
e 42 73 6
e 63 137 10
e 130 159 21
e 132 166 10
e 155 90 21
e 98 119 7
e 77 54 10
e 112 130 15
e 164 119 10
e 38 156 21
e 132 159 21
e 19 20 12
e 25 75 21
e 77 9 10
e 165 73 10
e 122 40 18
e 130 103 10
e 117 103 18
e 40 137 10
e 130 40 21
e 122 109 10
e 117 49 6
e 4 12 17
e 164 114 21
e 38 158 21
e 143 66 10
e 82 38 10
e 105 152 21
e 89 146 18
e 109 151 21
e 33 120 9
e 12 94 21
e 91 2 10
e 144 119 6
e 151 137 10
e 40 94 10
e 44 75 21
e 26 120 9
e 117 119 10
e 117 174 7
e 2 27 21
e 164 42 21
e 172 62 10
e 143 105 10
e 82 166 10
e 89 119 7
e 159 21 10
e 25 54 21
e 21 54 21
e 99 131 21
e 125 54 10
e 117 143 21
e 42 92 6
e 130 73 10
e 2 75 21
e 159 54 10
e 174 21 21
e 165 92 10
e 14 159 21
e 78 38 9
e 132 99 21
e 25 166 10
e 62 75 21
e 143 172 10
e 59 90 21
e 88 103 15
e 155 58 21
e 82 160 10
e 174 120 21
e 23 49 4
e 75 92 6
e 18 137 6
e 42 58 21
e 103 120 21
e 122 153 10
e 91 131 21
e 89 90 21
e 103 114 21
e 58 152 10
e 89 137 6
e 122 103 10
e 166 28 21
e 166 54 21
e 14 54 6
e 174 144 21
e 82 155 10
e 6 100 6
e 98 119 10
e 127 120 9
e 125 100 10
e 143 153 10
e 91 149 21
e 143 21 10
e 117 4 17
e 9 62 10
e 122 79 7
e 120 124 1
e 9 120 21
e 77 158 10
e 174 27 21
e 125 28 10
e 174 12 21
e 89 159 21
e 89 164 7
e 103 125 21
e 25 11 10
e 19 92 21
e 122 130 7
e 117 153 7
e 73 54 6
e 122 89 10
e 3 2 4
e 117 109 18
e 98 164 7
e 125 120 10
e 6 62 6
e 2 49 10
e 159 141 1
e 12 19 10
e 117 14 18
e 0 19 10
e 79 14 21
e 151 131 21
e 89 11 10
e 127 38 9
e 125 158 10
e 122 153 7
e 4 155 17
e 72 27 10
e 91 105 10
e 121 155 6
e 137 2 21
e 9 172 21
e 122 75 10
e 82 100 6
e 77 172 10
e 63 152 10
e 122 21 10
e 4 49 6
e 79 42 10
e 130 42 21
e 18 9 6
e 119 28 21
e 82 156 10
e 98 153 10
e 79 120 10
e 109 143 10
e 40 90 10
e 2 7 12
e 9 94 21
e 77 103 10
e 153 94 21
e 103 92 21
e 151 103 10
e 131 58 21
e 117 38 17
e 137 172 21
e 139 54 21
e 174 49 21
e 153 49 21
e 134 136 1
e 122 13 7
e 28 69 21
e 117 66 7
e 103 49 10
e 122 19 7
e 159 69 10
e 117 149 17
e 28 49 21
e 122 165 10
e 63 100 10
e 132 153 10
e 117 165 21
e 82 40 17
e 9 69 21
e 128 94 9
e 151 114 10
e 109 172 10
e 116 139 4
e 153 69 21
e 117 44 17
e 109 44 10
e 18 121 17
e 25 28 10
e 40 158 10
e 174 58 21
e 117 0 17
e 12 54 10
e 166 69 21
e 141 21 15
e 82 94 10
e 79 21 10
e 40 172 10
e 130 2 10
e 158 90 10
e 9 54 21
e 132 62 10
e 110 94 21
e 38 73 21
e 94 120 21
e 98 114 10
e 25 2 10
e 132 165 21
e 153 158 21
e 172 75 21
e 174 156 21
e 117 13 21
e 143 149 10
e 155 120 21
e 11 69 21
e 82 47 10
e 31 73 21
e 2 49 6
e 59 58 21
e 4 149 17
e 159 120 10
e 103 62 10
e 110 90 21
e 19 42 21
e 16 117 4
e 144 94 21
e 12 92 10
e 143 114 10
e 158 11 7
e 47 92 10
e 89 98 21
e 137 75 21
e 132 59 10
e 79 164 10
e 82 73 6
e 159 28 10
e 143 152 10
e 117 63 18
e 91 31 21
e 174 158 21
e 122 132 7
e 59 27 10
e 38 137 10
e 172 58 21
e 131 114 10
e 166 168 12
e 87 155 17
e 40 152 10
e 174 149 21
e 82 153 10
e 27 22 12
e 160 13 21
e 130 144 10
e 51 50 1
e 110 92 21
e 143 119 10
e 79 13 10
e 100 69 21
e 172 94 21
e 153 100 21
e 14 98 21
e 9 2 21
e 40 27 10
e 38 66 10
e 131 69 10
e 130 13 10
e 18 47 17
e 160 58 21
e 82 112 1
e 98 110 7
e 137 92 21
e 87 99 17
e 47 2 10
e 117 28 10
e 18 35 6
e 38 19 21
e 82 72 10
e 155 152 21
e 82 13 6
e 110 75 21
e 122 14 10
e 92 94 21
e 91 54 21
e 13 54 10
e 91 125 21
e 130 27 10
e 105 120 21
e 18 59 6
e 158 62 7
e 125 153 6
e 18 0 6
e 47 9 10
e 0 152 21
e 165 69 10
e 38 44 21
e 9 114 21
e 85 98 15
e 60 100 9
e 117 63 21
e 4 87 17
e 132 103 10
e 30 47 15
e 130 38 10
e 110 172 21
e 54 58 21
e 118 82 15
e 73 120 21
e 117 132 18
e 98 94 10
e 25 21 10
e 149 150 12
e 109 25 10
e 28 62 10
e 75 27 10
e 149 90 21
e 142 89 4
e 103 98 21
e 103 152 21
e 144 166 10
e 143 90 10
e 38 72 21
e 62 94 21
e 47 120 10
e 56 156 4
e 8 6 9
e 103 119 10
e 79 62 10
e 137 28 21
e 30 49 9
e 151 73 10
e 42 90 10
e 82 72 6
e 105 54 21
e 103 144 10
e 109 120 10
e 172 27 21
e 112 77 15
e 168 9 4
e 75 152 10
e 166 153 10
e 38 119 10
e 174 0 21
e 44 120 21
e 110 153 6
e 47 98 21
e 40 21 10
e 47 28 10
e 82 12 6
e 124 152 9
e 82 79 10
e 117 100 6
e 130 137 10
e 103 153 10
e 98 172 10
e 143 42 10
e 151 153 10
e 117 38 18
e 14 89 10
e 131 128 12
e 158 62 10
e 19 54 21
e 89 144 7
e 27 58 21
e 91 119 10
e 144 69 21
e 86 27 4
e 63 103 10
e 132 126 12
e 151 100 10
e 82 121 6
e 79 105 10
e 79 144 10
e 130 172 10
e 117 19 18
e 130 19 10
e 21 69 21
e 130 44 10
e 120 152 10
e 143 19 10
e 122 113 7
e 174 131 21
e 116 105 4
e 143 25 10
e 104 106 1
e 143 137 10
e 12 114 21
e 139 75 21
e 110 120 21
e 62 92 21
e 122 9 7
e 160 73 21
e 122 98 21
e 155 92 10
e 62 90 21
e 119 120 21
e 103 100 10
e 151 154 12
e 25 153 10
e 21 100 10
e 82 152 10
e 62 114 21
e 166 90 21
e 132 156 10
e 49 114 21
e 44 94 21
e 2 73 21
e 119 2 21
e 109 40 21
e 109 166 10
e 91 72 21
e 66 27 21
e 21 62 10
e 143 13 10
e 19 152 21
e 72 152 21
e 9 159 21
e 6 28 6
e 132 44 10
e 49 75 21
e 162 13 20
e 75 54 6
e 117 149 21
e 117 121 18
e 89 28 10
e 109 139 10
e 119 62 21
e 112 151 15
e 174 89 21
e 18 103 6
e 4 0 17
e 166 92 21
e 173 120 20
e 49 69 21
e 4 99 17
e 117 89 21
e 117 130 21
e 174 125 21
e 143 160 10
e 79 155 10
e 4 77 17
e 143 156 10
e 158 73 10
e 21 42 21
e 110 137 6
e 109 130 10
e 119 42 21
e 122 144 10
e 14 160 10
e 160 42 21
e 38 21 10
e 91 155 21
e 89 92 21
e 79 152 10
e 91 144 10
e 63 58 21
e 122 100 10
e 117 114 21
e 63 62 10
e 79 78 12
e 82 103 10
e 119 21 21
e 165 167 12
e 122 40 21
e 91 28 10
e 12 10 12
e 119 137 10
e 14 38 10
e 130 132 21
e 122 63 7
e 94 96 12
e 18 134 17
e 174 14 21
e 132 14 21
e 103 73 21
e 87 134 17
e 159 2 10
e 109 54 10
e 151 144 10
e 149 131 21
e 109 21 10
e 90 84 12
e 151 149 10
e 40 42 10
e 112 18 20
e 143 72 10
e 89 166 7
e 90 152 10
e 14 28 10
e 146 137 6
e 98 164 10
e 18 72 6
e 174 99 21
e 27 120 21
e 143 98 21
e 114 120 21
e 79 139 10
e 109 27 10
e 146 164 6
e 18 31 6
e 103 54 10
e 8 5 12
e 103 166 10
e 145 14 15
e 14 165 10
e 25 164 10
e 18 4 6
e 21 92 21
e 15 92 4
e 164 158 21
e 125 144 10
e 144 153 10
e 117 35 18
e 91 44 21
e 109 90 10
e 151 13 10
e 122 87 7
e 92 114 21
e 25 63 21
e 82 11 10
e 117 99 21
e 40 153 10
e 110 159 21
e 31 32 12
e 105 131 21
e 151 75 10
e 98 58 21
e 14 149 10
e 9 158 21
e 130 49 10
e 164 119 6
e 82 103 6
e 132 155 10
e 143 62 10
e 8 146 9
e 117 90 21
e 73 54 10
e 174 105 21
e 47 114 10
e 143 0 10
e 18 66 6
e 143 9 10
e 131 75 10
e 49 90 21
e 166 158 21
e 122 47 10
e 174 73 21
e 172 49 7
e 132 144 10
e 38 92 21
e 38 28 10
e 59 65 12
e 89 58 21
e 63 98 21
e 174 110 21
e 11 3 12
e 91 159 21
e 14 100 10
e 109 103 10
e 137 120 21
e 154 120 9
e 132 139 10
e 12 73 10
e 122 151 10
e 15 120 9
e 4 35 17
e 117 143 18
e 99 92 10
e 91 27 21
e 172 62 7
e 27 69 21
e 18 13 6
e 77 152 10
e 110 137 10
e 109 62 10
e 169 158 15
e 132 149 10
e 130 98 21
e 122 92 10
e 21 49 21
e 9 90 21
e 143 164 10
e 14 69 10
e 60 103 9
e 82 87 6
e 132 11 10
e 13 152 21
e 110 100 21
e 82 21 10
e 11 2 21
e 100 114 21
e 117 31 17
e 35 100 6
e 122 174 7
e 174 103 21
e 73 92 17
e 130 110 10
e 82 12 10
e 82 137 6
e 139 69 21
e 14 94 10
e 132 9 10
e 119 54 21
e 9 119 10
e 117 139 21
e 14 131 21
e 99 73 10
e 75 58 21
e 100 92 21
e 47 42 10
e 40 98 10
e 122 49 10
e 130 47 21
e 125 90 10
e 132 63 21
e 62 42 21
e 165 27 10
e 144 119 10
e 99 94 10
e 132 13 10
e 21 75 21
e 28 42 21
e 11 114 21
e 14 44 10
e 122 0 7
e 122 58 21
e 13 75 21
e 130 21 10
e 59 160 10
e 130 119 10
e 153 11 21
e 113 116 12
e 98 100 10
e 122 130 10
e 117 9 6
e 146 153 6
e 143 166 10
e 92 120 21
e 63 172 10
e 0 90 21
e 14 172 10
e 116 99 15
e 91 0 21
e 73 152 21
e 119 100 21
e 13 114 21
e 156 114 21
e 117 98 21
e 47 164 10
e 82 149 6
e 174 47 21
e 151 89 10
e 38 89 10
e 82 153 6
e 174 28 21
e 174 9 21
e 164 73 21
e 18 113 6
e 79 110 10
e 79 9 10
e 110 62 21
e 122 27 10
e 160 120 21
e 103 75 21
e 82 155 6
e 89 120 21
e 117 27 21
e 38 77 21
e 14 90 10
e 174 38 21
e 117 12 18
e 144 152 21
e 89 69 21
e 82 9 6
e 79 77 21
e 132 77 21
e 151 125 21
e 158 54 10
e 38 75 21
e 143 94 10
e 156 90 21
e 166 159 21
e 147 38 4
e 40 69 10
e 82 92 10
e 110 69 21
e 25 90 21
e 77 94 10
e 63 159 21
e 117 13 17
e 110 58 21
e 149 75 21
e 98 92 10
e 82 28 10
e 117 59 21
e 91 130 21
e 151 62 10
e 14 66 10
e 59 69 21
e 9 58 21
e 63 164 10
e 160 92 21
e 117 103 17
e 125 75 10
e 79 58 21
e 144 21 10
e 35 153 6
e 144 159 21
e 42 27 10
e 87 113 6
e 14 92 6
e 166 9 21
e 130 120 21
e 31 90 21
e 0 73 21
e 40 75 10
e 28 75 21
e 13 94 21
e 35 137 6
e 21 73 21
e 98 137 7
e 137 152 21
e 98 146 7
e 49 58 21
e 44 58 21
e 151 164 10
e 143 54 10
e 144 2 21
e 59 54 10
e 164 100 21
e 125 11 10
e 132 27 10
e 38 105 10
e 21 100 6
e 98 120 10
e 82 119 10
e 156 54 21
e 92 69 21
e 146 119 6
e 31 120 21
e 89 75 21
e 151 152 10
e 63 21 10
e 92 90 21
e 63 120 10
e 117 47 17
e 143 92 10
e 63 110 10
e 158 2 7
e 117 69 21
e 18 156 6
e 66 69 21
e 112 143 15
e 82 159 21
e 105 75 21
e 14 166 10
e 38 58 21
e 73 27 6
e 62 120 21
e 38 90 21
e 125 92 10
e 143 110 10
e 14 155 10
e 117 87 18
e 151 59 10
e 18 99 17
e 151 12 10
e 40 103 10
e 47 49 10
e 72 90 21
e 21 28 10
e 79 99 21
e 117 139 18
e 47 48 12
e 77 89 10
e 131 152 10
e 79 130 10
e 82 49 10
e 151 31 10
e 38 42 21
e 158 42 10
e 38 47 21
e 25 98 21
e 132 25 10
e 103 58 21
e 91 103 21
e 73 58 21
e 13 73 21
e 59 92 21
e 110 9 21
e 91 47 21
e 82 105 10
e 2 62 6
e 110 73 21
e 79 165 10
e 47 153 10
e 117 77 18
e 91 58 21
e 109 144 10
e 132 40 21
e 151 94 10
e 151 98 21
e 144 49 10
e 49 100 6
e 158 2 10
e 160 69 21
e 137 21 21
e 87 105 6
e 158 100 10
e 102 110 4
e 12 152 10
e 117 59 18
e 143 125 21
e 117 149 18
e 143 103 10
e 100 58 21
e 156 73 21
e 174 153 21
e 109 165 10
e 117 58 21
e 132 152 10
e 89 158 21
e 172 159 18
e 97 94 9
e 122 66 10
e 119 49 21
e 112 53 20
e 14 12 10
e 28 23 12
e 117 131 21
e 63 158 21
e 89 119 6
e 159 100 6
e 18 40 17
e 105 58 21
e 143 99 21
e 122 94 10
e 0 114 21
e 82 25 6
e 109 156 10
e 130 156 10
e 77 98 10
e 132 38 10
e 174 92 21
e 28 152 21
e 40 110 10
e 117 79 18
e 82 59 6
e 14 54 10
e 112 79 15
e 122 125 21
e 109 149 10
e 63 49 10
e 131 27 10
e 34 38 20
e 98 49 10
e 119 11 21
e 122 156 7
e 117 14 21
e 159 11 10
e 122 119 10
e 14 92 10
e 143 47 21
e 15 73 4
e 117 49 7
e 79 131 21
e 117 131 17
e 109 0 10
e 40 49 10
e 38 25 10
e 151 11 10
e 54 120 21
e 156 13 21
e 117 156 21
e 82 144 10
e 4 25 6
e 25 100 10
e 137 73 21
e 122 69 10
e 87 149 6
e 122 139 10
e 159 94 10
e 139 92 21
e 75 92 10
e 77 153 10
e 79 114 10
e 21 17 12
e 122 42 10
e 82 158 10
e 14 2 10
e 21 114 21
e 137 94 21
e 72 73 21
e 91 98 21
e 132 110 10
e 89 137 7
e 139 152 21
e 137 27 21
e 25 110 10
e 117 25 17
e 130 127 12
e 99 114 10
e 38 49 10
e 77 114 10
e 125 27 10
e 14 42 10
e 62 58 21
e 98 69 10
e 25 27 21
e 25 62 10
e 112 121 20
e 38 160 21
e 151 90 10
e 174 75 21
e 117 66 10
e 151 2 10
e 78 120 9
e 82 35 6
e 132 120 21
e 14 31 10
e 99 120 10
e 91 132 21
e 13 120 21
e 125 119 6
e 117 155 17
e 25 144 10
e 117 153 10
e 164 2 21
e 79 109 21
e 149 27 21
e 151 21 10
e 117 31 21
e 132 69 10
e 117 99 18
e 49 42 21
e 73 76 12
e 159 90 10
e 109 98 21
e 31 27 10
e 130 63 21
e 98 62 10
e 130 149 10
e 132 42 21
e 87 31 17
e 117 4 18
e 119 27 21
e 39 37 12
e 18 25 6
e 125 110 10
e 38 155 21
e 89 85 1
e 79 63 10
e 122 11 10
e 79 151 21
e 11 92 21
e 98 166 7
e 14 152 10
e 100 75 21
e 47 166 10
e 87 139 6
e 79 40 21
e 89 119 10
e 131 120 10
e 122 31 10
e 4 153 6
e 117 49 10
e 122 44 7
e 174 59 21
e 44 69 21
e 117 159 21
e 98 152 10
e 109 47 21
e 79 89 10
e 117 92 21
e 143 120 10
e 47 89 10
e 47 158 21
e 174 165 21
e 89 114 21
e 149 114 21
e 91 90 21
e 158 6 7
e 79 19 10
e 132 105 10
e 151 166 10
e 165 42 10
e 144 90 21
e 14 15 12
e 87 0 6
e 42 75 10
e 27 94 21
e 166 21 21
e 63 42 10
e 164 163 12
e 25 152 21
e 89 164 10
e 130 94 21
e 125 49 10
e 165 75 10
e 103 164 10
e 117 31 18
e 102 164 4
e 11 54 21
e 151 58 21
e 160 94 21
e 82 151 10
e 139 131 21
e 122 132 10
e 63 125 21
e 132 31 10
e 158 92 10
e 125 94 10
e 100 73 21
e 59 75 21
e 6 49 6
e 82 105 6
e 83 81 12
e 139 58 21
e 82 165 10
e 117 47 21
e 155 27 10
e 63 153 10
e 143 158 21
e 12 120 21
e 42 120 21
e 56 44 15
e 158 21 10
e 151 44 10
e 105 94 21
e 91 9 10
e 82 63 10
e 28 114 21
e 143 75 10
e 36 33 12
e 117 12 21
e 144 164 10
e 19 114 21
e 91 174 10
e 42 27 6
e 91 19 21
e 174 172 21
e 11 90 21
e 21 94 21
e 109 66 10
e 117 160 18
e 21 152 21
e 109 77 21
e 151 156 10
e 89 125 21
e 172 11 7
e 38 63 21
e 31 19 10
e 79 49 10
e 18 131 17
e 14 110 10
e 117 66 6
e 54 69 21
e 31 58 21
e 63 69 10
e 82 42 10
e 166 42 21
e 14 11 10
e 122 172 10
e 82 113 6
e 44 42 21
e 91 62 10
e 75 69 21
e 122 59 7
e 174 77 21
e 109 38 10
e 172 100 10
e 91 137 10
e 125 9 10
e 91 42 21
e 103 69 21
e 119 58 21
e 132 164 10
e 2 90 21
e 72 54 10
e 117 164 10
e 132 119 10
e 103 172 10
e 139 57 12
e 137 100 21
e 130 165 21
e 130 125 21
e 79 137 10
e 156 152 21
e 91 89 10
e 119 158 21
e 103 42 21
e 153 54 21
e 121 19 6
e 151 69 10
e 164 92 21
e 82 62 10
e 0 120 21
e 98 125 21
e 103 110 10
e 81 73 4
e 20 94 9
e 164 159 21
e 82 38 6
e 158 27 10
e 172 100 7
e 89 153 6
e 143 58 21
e 49 92 21
e 49 100 10
e 89 144 10
e 82 143 10
e 174 11 21
e 172 2 7
e 72 69 21
e 40 144 10
e 38 110 10
e 158 120 10
e 117 72 21
e 151 92 10
e 158 28 7
e 131 92 10
e 14 105 10
e 143 174 10
e 47 159 21
e 122 82 18
e 153 120 21
e 109 131 21
e 98 9 7
e 122 131 21
e 72 42 21
e 143 38 10
e 159 114 10
e 122 120 10
e 82 19 6
e 130 9 10
e 151 0 10
e 109 49 10
e 117 47 18
e 98 28 10
e 164 137 10
e 25 159 21
e 82 100 10
e 132 131 21
e 130 100 10
e 19 90 21
e 122 166 10
e 172 152 21
e 151 77 21
e 132 94 10
e 132 21 10
e 73 114 21
e 110 111 12
e 89 110 10
e 42 69 10
e 143 69 10
e 119 172 21
e 132 89 10
e 129 97 12
e 89 137 10
e 174 119 21
e 54 90 21
e 12 75 10
e 14 72 10
e 44 80 12
e 174 69 21
e 109 137 10
e 151 143 10
e 112 134 20
e 130 131 21
e 79 156 10
e 122 2 10
e 122 139 7
e 172 114 21
e 105 93 12
e 151 27 10
e 109 72 10
e 103 2 10
e 151 172 10
e 44 73 10
e 143 73 10
e 82 44 10
e 117 156 17
e 28 100 10
e 122 103 7
e 122 31 7
e 174 100 21
e 28 120 21
e 172 21 10
e 117 19 17
e 89 27 21
e 14 25 10
e 25 172 10
e 166 73 21
e 63 90 10
e 172 6 18
e 122 105 10
e 25 94 21
e 38 159 21
e 89 54 21
e 82 131 17
e 166 114 21
e 131 94 10
e 117 79 21
e 75 94 21
e 11 100 6
e 47 172 10
e 89 9 10
e 100 152 21
e 0 27 10
e 79 2 10
e 117 165 17
e 172 169 1
e 62 27 21
e 92 54 10
e 119 114 21
e 146 9 6
e 82 160 6
e 122 100 7
e 130 164 10
e 66 75 21
e 153 137 21
e 122 25 7
e 82 44 6
e 2 6 20
e 119 153 9
e 58 120 9
e 155 19 9
e 99 131 20
e 25 63 20
e 156 160 9
e 77 63 9
e 165 19 9
e 62 100 9
e 12 19 9
e 31 19 9
e 139 131 20
e 0 19 9
e 72 160 9
e 59 160 9
e 105 131 20
e 66 131 20
e 94 120 20
e 114 120 20
e 144 146 20
e 40 63 9
e 47 63 9
e 149 131 20
e 90 120 20
e 69 120 20
e 27 54 20
e 44 160 9
-
t # 3 U 1
v 0 50
v 1 2
v 2 81
v 3 2
v 4 71
v 5 17
v 6 66
v 7 2
v 8 54
v 9 82
v 10 2
v 11 83
v 12 32
v 13 47
v 14 16
v 15 15
v 16 52
v 17 2
v 18 31
v 19 60
v 20 1
v 21 83
v 22 2
v 23 2
v 24 55
v 25 74
v 26 12
v 27 61
v 28 84
v 29 2
v 30 79
v 31 46
v 32 2
v 33 12
v 34 85
v 35 69
v 36 55
v 37 22
v 38 73
v 39 48
v 40 3
v 41 19
v 42 25
v 43 48
v 44 41
v 45 86
v 46 2
v 47 9
v 48 2
v 49 82
v 50 56
v 51 48
v 52 56
v 53 44
v 54 57
v 55 10
v 56 42
v 57 2
v 58 0
v 59 53
v 60 45
v 61 2
v 62 87
v 63 20
v 64 2
v 65 2
v 66 78
v 67 48
v 68 88
v 69 28
v 70 2
v 71 2
v 72 51
v 73 43
v 74 2
v 75 35
v 76 2
v 77 6
v 78 17
v 79 18
v 80 2
v 81 15
v 82 5
v 83 48
v 84 2
v 85 77
v 86 2
v 87 49
v 88 70
v 89 75
v 90 28
v 91 68
v 92 43
v 93 2
v 94 28
v 95 2
v 96 2
v 97 1
v 98 8
v 99 7
v 100 89
v 101 90
v 102 91
v 103 47
v 104 48
v 105 76
v 106 90
v 107 2
v 108 12
v 109 13
v 110 92
v 111 2
v 112 80
v 113 59
v 114 28
v 115 2
v 116 58
v 117 75
v 118 77
v 119 93
v 120 23
v 121 14
v 122 8
v 123 2
v 124 37
v 125 5
v 126 12
v 127 22
v 128 1
v 129 48
v 130 30
v 131 4
v 132 26
v 133 38
v 134 27
v 135 34
v 136 29
v 137 94
v 138 34
v 139 67
v 140 95
v 141 96
v 142 34
v 143 21
v 144 81
v 145 34
v 146 66
v 147 34
v 148 2
v 149 65
v 150 2
v 151 11
v 152 39
v 153 97
v 154 10
v 155 40
v 156 62
v 157 2
v 158 8
v 159 5
v 160 64
v 161 2
v 162 63
v 163 2
v 164 92
v 165 24
v 166 84
v 167 2
v 168 2
v 169 77
v 170 98
v 171 19
v 172 75
v 173 86
v 174 99
e 122 103 10
e 18 47 17
e 78 38 9
e 117 155 18
e 77 119 10
e 77 137 10
e 28 152 21
e 25 152 21
e 14 75 6
e 130 158 21
e 125 73 10
e 82 77 6
e 75 54 10
e 109 59 10
e 117 59 21
e 130 139 10
e 117 47 21
e 79 66 10
e 122 12 10
e 172 159 21
e 117 62 10
e 42 75 6
e 156 157 12
e 3 2 4
e 11 28 6
e 9 153 6
e 122 149 7
e 31 75 21
e 2 73 21
e 172 120 21
e 116 139 4
e 98 114 10
e 79 75 10
e 172 21 6
e 63 62 10
e 110 172 21
e 149 75 21
e 89 164 6
e 9 119 6
e 56 59 4
e 112 109 15
e 11 94 21
e 117 73 21
e 42 69 10
e 172 2 10
e 9 54 21
e 98 164 7
e 21 62 10
e 119 100 21
e 37 120 9
e 88 103 15
e 62 64 12
e 109 98 21
e 143 62 10
e 165 69 10
e 164 69 21
e 174 89 21
e 82 54 10
e 130 9 10
e 15 120 9
e 47 63 10
e 109 73 10
e 14 59 10
e 122 99 18
e 47 28 10
e 47 110 10
e 144 153 6
e 174 59 21
e 77 75 10
e 75 152 10
e 130 100 10
e 144 2 21
e 117 137 7
e 92 27 10
e 122 174 10
e 127 38 9
e 79 105 10
e 79 89 10
e 47 54 10
e 112 14 20
e 122 82 21
e 122 72 10
e 151 114 10
e 82 75 6
e 103 172 10
e 130 159 21
e 14 155 10
e 18 103 6
e 38 156 21
e 122 73 10
e 91 130 21
e 117 9 6
e 159 2 10
e 91 110 10
e 117 113 17
e 122 119 10
e 28 58 21
e 79 58 21
e 109 120 10
e 82 14 10
e 143 110 10
e 82 77 10
e 122 89 10
e 100 69 21
e 47 75 10
e 18 139 6
e 117 11 10
e 122 40 18
e 151 62 10
e 91 44 21
e 89 146 18
e 91 75 21
e 14 105 10
e 151 13 10
e 132 44 10
e 159 49 6
e 149 42 21
e 117 59 18
e 151 89 10
e 98 120 10
e 79 47 21
e 38 119 10
e 9 69 21
e 110 9 17
e 75 92 10
e 117 9 10
e 82 42 10
e 160 120 21
e 38 12 21
e 38 28 10
e 117 87 17
e 117 4 17
e 158 11 7
e 156 58 21
e 62 100 10
e 47 164 10
e 14 149 10
e 143 172 10
e 132 149 10
e 77 9 10
e 112 79 15
e 103 11 10
e 14 172 10
e 149 69 21
e 89 119 6
e 82 160 10
e 125 166 6
e 25 11 10
e 151 158 21
e 82 35 6
e 25 63 21
e 21 58 21
e 117 72 21
e 117 49 10
e 146 119 6
e 21 69 21
e 156 42 21
e 136 31 4
e 143 156 10
e 112 143 15
e 122 103 7
e 117 66 7
e 119 58 21
e 160 13 21
e 119 54 21
e 63 98 21
e 109 166 10
e 103 164 10
e 18 40 17
e 121 134 6
e 174 119 21
e 166 42 21
e 143 25 10
e 12 90 21
e 91 82 21
e 62 75 21
e 174 49 21
e 89 58 21
e 14 159 21
e 28 49 21
e 172 49 6
e 82 28 10
e 109 139 10
e 9 92 21
e 99 69 10
e 82 87 6
e 2 27 21
e 4 77 17
e 21 27 21
e 145 54 4
e 92 58 21
e 130 13 10
e 122 149 10
e 21 152 21
e 28 90 21
e 31 92 21
e 122 9 10
e 12 42 21
e 40 54 10
e 47 9 10
e 25 125 21
e 143 27 10
e 172 49 10
e 137 94 21
e 25 114 21
e 137 11 21
e 131 54 10
e 144 164 6
e 158 100 10
e 117 100 7
e 166 21 21
e 110 69 21
e 109 54 10
e 25 159 21
e 8 5 12
e 159 62 10
e 25 144 10
e 47 90 10
e 77 63 10
e 31 152 21
e 42 92 6
e 91 151 21
e 151 149 10
e 144 9 10
e 125 159 21
e 82 47 6
e 154 120 9
e 49 100 6
e 132 72 10
e 60 100 9
e 30 40 15
e 137 159 21
e 172 6 18
e 109 66 10
e 98 62 10
e 38 44 21
e 122 94 10
e 79 103 10
e 38 99 21
e 25 29 12
e 82 44 6
e 38 13 21
e 130 99 21
e 141 62 15
e 5 120 9
e 158 28 7
e 130 90 21
e 2 114 21
e 146 164 6
e 122 27 10
e 11 58 21
e 114 152 10
e 41 120 9
e 38 153 10
e 14 165 10
e 38 72 21
e 158 11 10
e 79 0 10
e 122 120 10
e 164 119 10
e 28 75 21
e 104 106 1
e 117 27 17
e 89 137 10
e 38 105 10
e 56 44 15
e 125 164 6
e 117 77 18
e 172 28 6
e 117 165 18
e 137 54 21
e 119 158 21
e 122 69 10
e 166 159 21
e 89 158 21
e 91 66 10
e 117 75 21
e 155 19 10
e 67 68 1
e 117 54 17
e 81 120 9
e 125 94 10
e 14 89 10
e 79 120 10
e 14 166 10
e 21 17 12
e 2 120 21
e 38 47 21
e 117 40 17
e 4 165 17
e 112 87 20
e 63 58 21
e 14 27 10
e 160 92 21
e 82 131 21
e 40 158 10
e 130 38 10
e 30 49 9
e 82 27 6
e 18 31 6
e 153 58 21
e 54 120 21
e 38 25 10
e 77 42 10
e 110 164 17
e 103 75 21
e 89 110 7
e 82 58 21
e 117 59 17
e 125 62 10
e 131 94 10
e 14 54 6
e 13 114 21
e 143 100 10
e 130 172 10
e 82 94 10
e 117 40 21
e 151 21 10
e 79 72 10
e 122 79 10
e 63 9 10
e 14 11 10
e 155 114 21
e 171 120 9
e 151 152 10
e 13 69 21
e 122 158 21
e 103 54 10
e 117 105 10
e 156 13 21
e 122 59 7
e 132 59 10
e 18 25 6
e 159 28 6
e 89 164 10
e 122 75 10
e 137 158 21
e 83 81 12
e 82 144 10
e 149 94 21
e 170 28 20
e 79 165 10
e 117 131 17
e 159 69 10
e 155 54 10
e 72 94 21
e 158 21 7
e 137 120 21
e 174 158 21
e 44 42 21
e 98 137 10
e 149 114 21
e 117 69 21
e 117 119 10
e 75 90 21
e 11 28 10
e 143 21 10
e 114 115 12
e 143 155 10
e 82 121 6
e 98 166 10
e 153 62 21
e 89 153 10
e 11 27 21
e 82 103 10
e 77 98 10
e 103 125 21
e 18 59 6
e 159 73 10
e 116 105 4
e 159 92 10
e 139 90 21
e 166 120 21
e 158 49 10
e 91 120 21
e 151 44 10
e 91 79 21
e 13 120 21
e 144 120 21
e 132 99 21
e 21 120 21
e 174 66 21
e 38 66 10
e 82 159 21
e 151 75 10
e 124 152 9
e 27 22 12
e 160 58 21
e 165 75 10
e 82 31 10
e 153 120 21
e 82 53 6
e 144 92 21
e 149 150 12
e 91 139 21
e 117 122 21
e 125 152 10
e 139 57 12
e 117 72 18
e 147 38 4
e 2 92 21
e 164 137 10
e 172 92 21
e 139 69 21
e 2 100 10
e 87 131 17
e 82 155 10
e 89 166 6
e 94 152 10
e 2 62 10
e 66 70 12
e 18 12 6
e 66 42 21
e 89 119 7
e 91 54 21
e 38 58 21
e 75 94 21
e 103 144 10
e 122 105 7
e 110 2 21
e 11 54 21
e 47 125 21
e 166 2 21
e 158 100 7
e 38 144 10
e 91 31 21
e 11 62 10
e 89 9 6
e 89 100 10
e 77 125 21
e 151 54 10
e 77 144 10
e 137 42 21
e 132 63 21
e 77 21 10
e 91 62 10
e 82 27 10
e 132 159 21
e 40 120 10
e 122 62 10
e 172 27 21
e 110 166 17
e 130 44 10
e 160 90 21
e 155 58 21
e 122 72 7
e 62 114 21
e 44 90 21
e 2 21 6
e 109 119 10
e 105 152 21
e 44 27 10
e 159 21 6
e 125 102 1
e 72 114 21
e 42 73 6
e 35 153 6
e 98 172 10
e 62 54 21
e 28 23 12
e 82 99 10
e 94 120 21
e 166 9 21
e 47 158 21
e 125 153 6
e 11 75 21
e 18 137 6
e 82 79 10
e 99 131 21
e 72 42 21
e 112 174 4
e 110 153 10
e 125 9 6
e 125 90 10
e 159 42 10
e 109 92 10
e 47 119 10
e 144 49 10
e 130 31 10
e 79 143 10
e 110 164 21
e 151 49 10
e 82 99 6
e 40 75 10
e 2 28 10
e 132 172 10
e 130 63 21
e 155 94 21
e 110 75 21
e 174 92 21
e 130 110 10
e 82 63 6
e 91 172 10
e 109 28 10
e 75 27 10
e 155 120 21
e 38 149 21
e 130 127 12
e 151 38 6
e 98 73 10
e 9 2 21
e 14 158 21
e 121 0 6
e 89 159 21
e 165 90 10
e 159 21 10
e 91 21 10
e 122 53 7
e 14 144 10
e 174 2 21
e 18 99 17
e 60 103 9
e 109 100 10
e 77 110 10
e 132 174 10
e 14 13 10
e 109 159 21
e 82 153 10
e 82 4 6
e 2 21 10
e 40 114 10
e 30 25 15
e 82 12 6
e 66 90 21
e 91 0 21
e 119 27 21
e 165 114 10
e 151 137 10
e 2 49 6
e 117 118 1
e 35 137 6
e 38 59 21
e 59 58 21
e 66 94 21
e 44 75 21
e 91 72 21
e 172 169 1
e 127 120 9
e 14 66 10
e 130 105 10
e 39 37 12
e 109 158 21
e 72 90 21
e 110 119 10
e 38 98 21
e 73 114 21
e 44 80 12
e 132 144 10
e 82 165 6
e 158 42 10
e 18 66 6
e 14 0 10
e 75 69 21
e 14 120 10
e 14 77 21
e 63 103 10
e 69 152 10
e 172 73 21
e 73 58 21
e 144 164 10
e 18 19 6
e 151 105 10
e 166 73 21
e 79 130 10
e 25 100 10
e 117 87 18
e 34 38 20
e 174 63 21
e 110 73 21
e 166 54 21
e 156 69 21
e 40 58 21
e 129 97 12
e 0 73 21
e 133 55 12
e 79 109 21
e 9 62 10
e 172 62 6
e 89 137 7
e 27 90 21
e 159 54 10
e 47 92 10
e 40 49 10
e 27 58 21
e 149 131 21
e 38 166 10
e 130 149 10
e 174 125 21
e 51 50 1
e 82 134 6
e 117 153 7
e 89 110 10
e 40 92 10
e 59 27 10
e 132 98 21
e 122 130 7
e 77 166 10
e 117 134 18
e 117 100 10
e 72 160 10
e 117 149 18
e 174 54 21
e 75 114 21
e 66 75 21
e 116 66 4
e 117 156 17
e 25 90 21
e 122 151 7
e 110 137 10
e 9 42 21
e 109 77 21
e 155 27 10
e 14 92 10
e 109 105 10
e 130 92 10
e 172 90 21
e 9 27 21
e 109 99 21
e 38 19 21
e 132 156 10
e 82 73 6
e 117 12 17
e 25 27 21
e 125 164 10
e 109 132 10
e 132 28 10
e 130 66 10
e 174 155 21
e 117 160 17
e 87 105 6
e 9 21 10
e 4 155 17
e 77 2 10
e 151 38 10
e 117 27 21
e 87 0 6
e 69 120 21
e 79 54 10
e 12 120 21
e 117 156 21
e 73 69 21
e 160 75 21
e 4 40 17
e 139 114 21
e 79 153 10
e 40 152 10
e 169 159 15
e 132 13 10
e 142 89 4
e 144 153 10
e 119 153 10
e 28 69 21
e 137 90 21
e 130 19 10
e 117 63 17
e 47 100 10
e 0 75 21
e 103 158 21
e 89 166 10
e 122 25 7
e 116 99 15
e 159 28 10
e 156 114 21
e 77 28 10
e 25 49 10
e 4 47 17
e 130 40 21
e 77 58 21
e 91 9 10
e 119 137 10
e 103 58 21
e 4 31 17
e 137 28 21
e 132 0 10
e 153 2 21
e 91 158 21
e 174 38 21
e 99 73 10
e 121 12 6
e 42 54 10
e 172 2 7
e 59 54 10
e 117 130 18
e 143 75 10
e 4 134 17
e 136 0 4
e 47 11 10
e 82 0 6
e 119 2 21
e 38 131 21
e 69 107 12
e 172 94 21
e 122 19 7
e 82 137 10
e 91 98 21
e 139 131 21
e 143 47 21
e 122 44 10
e 137 49 21
e 87 113 6
e 14 103 10
e 79 92 10
e 122 90 10
e 105 94 21
e 19 69 21
e 59 120 21
e 117 113 18
e 119 152 21
e 0 120 21
e 94 96 12
e 4 113 17
e 2 62 6
e 79 132 10
e 143 90 10
e 132 66 10
e 164 100 21
e 132 100 10
e 117 139 17
e 151 143 10
e 122 165 10
e 103 9 10
e 125 137 6
e 174 31 21
e 132 120 21
e 132 47 21
e 174 72 21
e 98 11 10
e 12 152 10
e 38 152 21
e 98 92 10
e 63 49 10
e 100 92 21
e 151 28 10
e 132 40 21
e 132 92 10
e 117 25 17
e 54 152 21
e 91 152 21
e 132 49 10
e 130 152 10
e 100 75 21
e 82 21 10
e 174 110 21
e 82 149 6
e 172 11 10
e 172 54 21
e 12 114 21
e 105 69 21
e 109 38 10
e 122 92 10
e 73 76 12
e 130 59 10
e 112 151 15
e 122 153 7
e 21 73 21
e 130 137 10
e 126 120 9
e 117 98 21
e 117 174 7
e 174 98 21
e 79 9 10
e 77 49 10
e 143 49 10
e 14 42 10
e 117 149 21
e 164 152 21
e 82 143 10
e 102 110 4
e 103 100 10
e 82 40 21
e 42 94 10
e 72 13 21
e 137 27 21
e 63 2 10
e 122 131 21
e 42 75 10
e 82 49 10
e 98 125 21
e 59 65 12
e 144 119 6
e 119 28 21
e 131 128 12
e 79 100 10
e 13 42 21
e 166 168 12
e 103 49 10
e 62 42 21
e 130 143 21
e 117 31 18
e 21 114 21
e 11 49 17
e 28 92 21
e 77 54 10
e 130 174 10
e 89 144 10
e 125 58 21
e 122 121 7
e 174 156 21
e 14 31 10
e 132 38 10
e 89 2 10
e 82 69 10
e 4 137 6
e 98 9 7
e 122 44 7
e 87 66 6
e 79 19 10
e 110 166 21
e 73 120 21
e 66 92 21
e 164 158 21
e 40 125 10
e 144 119 10
e 105 114 21
e 79 59 10
e 172 58 21
e 91 38 10
e 77 73 10
e 62 58 21
e 38 27 21
e 112 77 15
e 141 21 15
e 63 73 10
e 56 72 4
e 14 100 10
e 77 27 10
e 38 9 10
e 19 20 12
e 63 75 10
e 122 156 7
e 151 63 10
e 122 137 10
e 89 85 1
e 105 120 21
e 81 73 4
e 0 42 21
e 122 66 7
e 151 2 10
e 117 160 21
e 9 120 21
e 98 21 10
e 43 41 12
e 125 110 10
e 125 119 10
e 66 54 21
e 143 59 10
e 82 113 6
e 62 90 21
e 112 4 20
e 47 98 21
e 156 92 21
e 2 152 21
e 165 167 12
e 82 92 6
e 174 28 21
e 159 100 6
e 89 49 10
e 164 137 6
e 122 49 10
e 38 92 21
e 82 66 10
e 125 144 10
e 21 100 6
e 18 0 6
e 174 103 21
e 54 94 21
e 165 19 10
e 111 144 4
e 2 58 21
e 28 42 21
e 14 152 10
e 110 92 21
e 105 54 21
e 122 0 10
e 73 92 17
e 38 49 10
e 174 137 21
e 137 2 21
e 158 120 10
e 91 122 21
e 98 90 10
e 137 21 21
e 82 62 10
e 122 63 7
e 62 152 21
e 122 59 10
e 117 42 21
e 153 75 21
e 44 152 21
e 110 11 21
e 117 18 18
e 151 47 21
e 0 90 21
e 89 125 21
e 14 15 12
e 122 132 10
e 98 9 10
e 47 103 10
e 117 105 6
e 103 90 21
e 98 166 7
e 117 38 18
e 103 42 21
e 117 155 17
e 18 53 6
e 91 28 10
e 92 94 21
e 149 58 21
e 14 90 10
e 89 90 21
e 110 137 6
e 82 151 10
e 12 27 10
e 63 60 1
e 117 19 18
e 137 75 21
e 14 119 10
e 131 27 10
e 42 54 6
e 103 92 21
e 12 75 10
e 130 114 21
e 9 58 21
e 91 160 21
e 90 84 12
e 159 120 10
e 110 27 21
e 79 156 10
e 164 49 21
e 100 27 21
e 77 89 10
e 47 159 21
e 105 75 21
e 117 19 17
e 79 73 10
e 75 120 21
e 174 166 21
e 82 89 10
e 151 19 10
e 131 69 10
e 40 98 10
e 158 159 18
e 28 120 21
e 132 143 21
e 66 152 21
e 82 137 6
e 122 82 18
e 40 153 10
e 82 100 6
e 19 75 21
e 172 100 10
e 38 89 10
e 112 113 20
e 14 69 10
e 19 90 21
e 136 165 15
e 117 103 21
e 139 92 21
e 117 77 21
e 138 172 4
e 14 54 10
e 2 75 21
e 158 159 21
e 49 92 21
e 117 4 18
e 172 100 6
e 155 161 12
e 119 69 21
e 131 92 10
e 131 114 10
e 100 114 21
e 82 153 6
e 103 166 10
e 174 90 21
e 79 158 21
e 62 92 21
e 31 120 21
e 155 73 10
e 38 155 21
e 151 166 10
e 11 73 21
e 158 54 10
e 117 63 18
e 130 72 10
e 122 105 10
e 151 59 10
e 109 14 10
e 89 69 21
e 40 11 10
e 91 164 10
e 117 77 17
e 73 27 6
e 158 114 10
e 153 49 21
e 38 42 21
e 151 159 21
e 59 114 21
e 117 139 18
e 98 119 7
e 18 165 17
e 122 28 10
e 27 120 21
e 165 73 10
e 117 44 17
e 144 166 6
e 159 58 21
e 155 152 21
e 25 98 21
e 103 21 10
e 143 160 10
e 25 172 10
e 174 42 21
e 143 99 21
e 109 90 10
e 166 153 10
e 47 21 10
e 174 94 21
e 122 110 10
e 122 156 10
e 99 120 10
e 119 94 21
e 159 75 10
e 82 105 10
e 103 73 21
e 103 98 21
e 99 27 10
e 82 59 6
e 158 62 10
e 28 27 21
e 160 54 21
e 125 49 10
e 0 114 21
e 79 149 10
e 158 21 10
e 14 62 10
e 89 54 21
e 11 62 6
e 14 58 21
e 122 114 10
e 143 44 10
e 166 58 21
e 79 12 10
e 120 124 1
e 100 94 21
e 47 69 10
e 160 73 21
e 40 100 10
e 117 99 17
e 109 165 10
e 155 69 21
e 122 35 7
e 122 19 10
e 38 2 10
e 151 27 10
e 82 130 10
e 112 134 20
e 165 58 21
e 25 2 10
e 91 159 21
e 14 99 21
e 21 54 21
e 137 114 21
e 132 90 10
e 82 131 17
e 12 19 10
e 82 132 10
e 99 152 10
e 27 69 21
e 19 42 21
e 59 90 21
e 130 69 21
e 125 28 10
e 137 152 21
e 144 54 21
e 11 49 21
e 164 119 6
e 117 139 21
e 47 89 10
e 79 110 10
e 38 159 21
e 144 94 21
e 89 27 21
e 132 31 10
e 143 12 10
e 19 94 21
e 85 98 15
e 158 152 10
e 130 156 10
e 18 131 17
e 122 139 7
e 12 73 10
e 172 62 10
e 4 49 6
e 105 27 21
e 144 152 21
e 82 31 6
e 117 21 10
e 100 54 21
e 40 159 10
e 151 160 10
e 163 166 4
e 130 11 10
e 117 13 18
e 0 92 21
e 117 99 21
e 160 42 21
e 77 90 10
e 109 13 10
e 109 25 10
e 42 152 10
e 82 156 10
e 6 21 6
e 98 137 7
e 117 58 21
e 151 172 10
e 18 149 6
e 122 18 7
e 18 77 17
e 14 164 10
e 63 90 10
e 59 73 21
e 66 73 21
e 125 21 10
e 49 94 21
e 38 54 21
e 4 19 17
e 59 69 21
e 117 12 21
e 2 28 6
e 72 54 10
e 103 94 21
e 18 121 17
e 91 73 21
e 11 69 21
e 116 149 4
e 130 75 10
e 85 125 15
e 77 11 10
e 4 153 6
e 132 14 21
e 42 73 10
e 103 114 21
e 79 78 12
e 122 13 10
e 174 25 21
e 17 28 4
e 137 100 21
e 141 11 15
e 101 90 20
e 72 58 21
e 73 94 21
e 159 100 10
e 19 152 21
e 151 164 10
e 164 54 21
e 6 28 6
e 82 160 6
e 130 2 10
e 137 92 21
e 118 82 15
e 165 54 10
e 143 171 12
e 87 149 6
e 110 54 21
e 166 69 21
e 144 90 21
e 119 42 21
e 132 103 10
e 117 132 18
e 166 152 21
e 117 155 21
e 89 9 7
e 47 94 10
e 103 159 21
e 145 14 15
e 4 103 17
e 103 62 10
e 158 90 10
e 82 40 17
e 117 31 17
e 117 92 21
e 9 75 21
e 13 75 21
e 122 130 10
e 82 109 10
e 117 172 21
e 75 27 6
e 18 4 6
e 117 66 10
e 91 149 21
e 63 114 10
e 14 72 10
e 158 2 7
e 79 155 10
e 164 159 21
e 14 40 21
e 158 6 7
e 63 120 10
e 110 153 6
e 40 42 10
e 82 165 10
e 174 12 21
e 125 92 10
e 155 92 10
e 82 12 10
e 122 21 10
e 125 172 10
e 125 11 10
e 89 125 18
e 38 172 10
e 117 82 21
e 16 117 4
e 130 14 21
e 164 62 21
e 12 58 21
e 137 58 21
e 28 100 6
e 77 159 21
e 21 92 21
e 9 100 10
e 172 21 7
e 109 172 10
e 63 119 10
e 109 160 10
e 103 152 21
e 117 120 21
e 40 27 10
e 119 75 21
e 45 120 20
e 151 99 21
e 139 94 21
e 31 90 21
e 59 13 21
e 82 72 6
e 132 42 21
e 143 114 10
e 174 77 21
e 110 158 21
e 165 27 10
e 49 54 21
e 117 2 10
e 0 19 10
e 105 90 21
e 79 14 21
e 143 174 10
e 82 2 10
e 14 114 10
e 14 25 10
e 159 49 10
e 151 42 10
e 38 11 10
e 158 92 10
e 9 114 21
e 38 164 10
e 109 75 10
e 151 31 10
e 159 152 10
e 166 137 6
e 112 121 20
e 79 172 10
e 109 152 10
e 117 75 17
e 91 103 21
e 77 172 10
e 122 0 7
e 18 13 6
e 144 159 21
e 18 35 6
e 92 54 10
e 4 99 17
e 81 92 4
e 151 72 10
e 9 94 21
e 38 63 21
e 88 58 15
e 72 75 21
e 38 114 21
e 79 152 10
e 151 11 10
e 89 73 21
e 153 152 21
e 73 27 10
e 9 119 10
e 174 114 21
e 91 42 21
e 40 2 10
e 25 42 21
e 21 94 21
e 153 92 21
e 79 164 10
e 132 25 10
e 117 99 18
e 137 62 21
e 155 42 21
e 164 75 21
e 151 92 10
e 79 94 10
e 110 49 21
e 109 94 10
e 158 49 7
e 110 90 21
e 172 152 21
e 121 155 6
e 151 9 10
e 156 90 21
e 143 159 21
e 159 94 10
e 20 94 9
e 158 69 10
e 117 149 17
e 12 94 21
e 91 156 21
e 117 114 21
e 11 2 21
e 11 42 21
e 0 27 10
e 21 75 21
e 117 125 21
e 117 109 18
e 76 75 4
e 117 73 17
e 82 90 10
e 122 11 10
e 119 49 21
e 98 54 10
e 166 100 10
e 166 49 21
e 149 90 21
e 6 49 6
e 117 143 18
e 14 125 21
e 130 49 10
e 2 7 12
e 18 156 6
e 122 99 21
e 122 166 10
e 9 28 10
e 110 94 21
e 79 40 21
e 122 151 10
e 82 166 10
e 122 143 7
e 112 35 20
e 166 94 21
e 89 28 10
e 63 125 21
e 77 69 10
e 109 144 10
e 131 90 10
e 149 120 21
e 122 58 21
e 122 152 10
e 38 137 10
e 117 19 21
e 162 13 20
e 130 21 10
e 19 120 21
e 2 100 6
e 73 90 21
e 9 152 21
e 63 144 10
e 89 11 10
e 18 134 17
e 132 110 10
e 122 155 7
e 110 28 21
e 109 108 12
e 44 54 10
e 125 119 6
e 117 89 21
e 4 25 6
e 112 53 20
e 82 164 10
e 6 100 6
e 172 21 10
e 110 144 21
e 109 58 21
e 117 25 21
e 143 73 10
e 38 77 21
e 130 0 10
e 144 172 21
e 159 62 6
e 136 155 4
e 112 18 20
e 143 120 10
e 0 58 21
e 4 9 6
e 143 66 10
e 82 119 10
e 59 75 21
e 119 73 21
e 143 158 21
e 143 11 10
e 122 77 18
e 119 11 21
e 164 90 21
e 109 149 10
e 27 114 21
e 89 9 10
e 89 42 21
e 82 139 6
e 117 110 10
e 91 144 10
e 119 92 21
e 82 54 6
e 130 132 21
e 109 12 10
e 164 27 21
e 164 166 21
e 13 152 21
e 31 42 21
e 40 89 10
e 122 132 7
e 110 21 21
e 174 165 21
e 98 125 18
e 47 152 10
e 25 153 10
e 91 94 21
e 79 13 10
e 165 120 21
e 117 49 7
e 130 166 10
e 77 153 10
e 82 105 6
e 25 73 21
e 117 92 17
e 132 125 21
e 174 14 21
e 38 158 21
e 105 93 12
e 144 73 21
e 122 66 10
e 174 173 12
e 122 38 7
e 82 73 10
e 122 77 21
e 44 160 10
e 47 114 10
e 40 73 10
e 174 152 21
e 122 109 7
e 98 146 7
e 27 94 21
e 106 90 20
e 66 58 21
e 14 94 10
e 89 120 21
e 89 153 7
e 87 165 17
e 117 158 21
e 117 94 21
e 144 62 10
e 47 58 21
e 146 153 6
e 12 10 12
e 90 120 21
e 109 21 10
e 153 11 21
e 82 44 10
e 40 166 10
e 151 58 21
e 151 94 10
e 172 28 10
e 12 69 21
e 63 54 10
e 109 42 10
e 117 47 17
e 166 172 21
e 122 2 10
e 18 44 6
e 63 89 10
e 92 120 21
e 164 114 21
e 109 143 10
e 174 0 21
e 82 75 10
e 117 44 21
e 91 59 21
e 63 153 10
e 151 120 10
e 166 119 10
e 137 172 21
e 174 58 21
e 117 28 10
e 143 164 10
e 31 27 10
e 4 0 17
e 82 0 10
e 66 114 21
e 91 117 10
e 18 100 6
e 63 159 21
e 132 158 21
e 164 120 21
e 4 105 6
e 117 38 21
e 166 114 21
e 130 47 21
e 75 92 6
e 91 109 21
e 79 144 10
e 18 155 6
e 49 100 10
e 131 42 10
e 42 27 10
e 79 151 21
e 11 120 21
e 143 137 10
e 132 9 10
e 6 62 6
e 122 137 7
e 122 100 10
e 109 40 21
e 130 77 21
e 92 152 21
e 79 38 10
e 13 54 10
e 49 69 21
e 174 99 21
e 72 120 21
e 89 144 7
e 117 0 17
e 31 32 12
e 54 114 21
e 79 63 10
e 98 159 21
e 2 94 21
e 117 13 17
e 117 14 21
e 158 27 10
e 122 174 7
e 15 92 4
e 109 89 10
e 139 42 21
e 63 92 10
e 156 160 10
e 172 11 7
e 139 58 21
e 38 0 21
e 87 134 17
e 63 27 10
e 79 159 21
e 63 172 10
e 49 152 21
e 143 54 10
e 79 11 10
e 9 137 10
e 117 152 21
e 132 114 10
e 117 44 18
e 91 12 21
e 158 28 10
e 117 53 18
e 121 19 6
e 122 4 7
e 132 131 21
e 122 63 10
e 166 27 21
e 91 89 10
e 28 100 10
e 122 13 7
e 156 120 21
e 109 137 10
e 79 44 10
e 117 35 18
e 158 62 7
e 143 40 21
e 172 49 7
e 23 49 4
e 19 27 10
e 38 165 21
e 144 9 6
e 99 42 10
e 122 100 7
e 38 90 21
e 30 47 15
e 132 137 10
e 122 47 10
e 174 75 21
e 132 126 12
e 156 152 21
e 132 164 10
e 47 62 10
e 9 90 21
e 174 164 21
e 9 172 21
e 88 13 15
e 132 19 10
e 172 158 21
e 81 42 4
e 63 137 10
e 15 42 4
e 82 149 10
e 49 42 21
e 143 77 21
e 174 13 21
e 49 75 21
e 151 69 10
e 117 166 10
e 144 137 10
e 130 28 10
e 144 11 10
e 4 139 17
e 4 12 17
e 151 25 10
e 158 58 21
e 91 119 10
e 174 19 21
e 103 119 10
e 122 160 10
e 153 114 21
e 117 66 6
e 11 21 21
e 4 100 6
e 130 164 10
e 174 105 21
e 47 153 10
e 166 92 21
e 40 9 10
e 79 166 10
e 117 121 17
e 117 137 10
e 63 110 10
e 77 114 10
e 170 166 20
e 125 27 10
e 156 73 21
e 89 172 21
e 174 144 21
e 151 100 10
e 143 19 10
e 100 120 21
e 125 42 10
e 13 90 21
e 14 73 10
e 62 94 21
e 117 49 6
e 153 21 21
e 42 58 21
e 117 14 18
e 89 119 10
e 143 31 10
e 89 21 10
e 25 110 10
e 98 153 7
e 47 42 10
e 77 92 10
e 174 40 21
e 143 42 10
e 117 12 18
e 25 28 10
e 14 137 10
e 149 54 21
e 72 73 21
e 26 120 9
e 49 73 21
e 143 153 10
e 62 73 21
e 44 114 21
e 164 21 21
e 122 159 21
e 109 174 10
e 40 28 10
e 143 9 10
e 125 100 10
e 91 132 21
e 82 156 6
e 165 42 10
e 130 119 10
e 153 42 21
e 159 11 10
e 165 92 10
e 47 2 10
e 40 46 12
e 151 103 10
e 164 94 21
e 130 131 21
e 73 54 10
e 40 94 10
e 18 72 6
e 44 13 10
e 139 152 21
e 119 172 21
e 82 47 10
e 139 73 21
e 87 31 17
e 91 14 21
e 11 21 17
e 91 13 21
e 2 90 21
e 79 114 10
e 164 153 10
e 14 75 10
e 56 156 4
e 38 31 21
e 89 153 6
e 49 58 21
e 132 2 10
e 117 0 21
e 31 19 10
e 109 151 21
e 143 38 10
e 117 54 21
e 75 54 6
e 14 92 6
e 139 75 21
e 8 6 9
e 82 25 6
e 143 98 21
e 79 174 10
e 173 120 20
e 130 155 10
e 174 62 21
e 166 75 21
e 117 79 21
e 14 153 10
e 130 42 21
e 44 73 10
e 143 89 10
e 11 3 12
e 99 90 10
e 87 155 17
e 110 111 12
e 40 21 10
e 130 54 10
e 91 19 21
e 159 90 10
e 91 47 21
e 172 100 7
e 130 153 10
e 117 131 18
e 122 144 10
e 79 77 21
e 18 160 6
e 25 103 21
e 40 90 10
e 166 62 10
e 4 131 17
e 136 12 4
e 38 73 21
e 143 92 10
e 130 151 21
e 82 158 10
e 28 54 21
e 153 100 21
e 79 25 10
e 105 73 21
e 91 27 21
e 91 153 10
e 151 144 10
e 122 49 7
e 18 113 6
e 25 54 21
e 132 73 10
e 42 27 6
e 91 69 21
e 159 141 1
e 89 75 21
e 119 159 21
e 132 62 10
e 158 73 10
e 125 114 10
e 166 11 21
e 9 159 21
e 113 116 12
e 132 119 10
e 63 152 10
e 91 49 10
e 99 114 10
e 91 105 10
e 160 69 21
e 103 153 10
e 110 100 21
e 100 73 21
e 18 87 6
e 14 63 10
e 174 149 21
e 109 0 10
e 82 38 6
e 143 13 10
e 14 110 10
e 130 73 10
e 153 94 21
e 100 152 21
e 91 114 21
e 50 114 20
e 31 54 10
e 131 152 10
e 117 35 17
e 164 73 21
e 144 58 21
e 144 28 10
e 135 38 9
e 174 47 21
e 151 165 10
e 122 165 7
e 159 114 10
e 4 66 6
e 166 153 6
e 40 144 10
e 131 58 21
e 38 75 21
e 100 58 21
e 132 54 10
e 174 44 21
e 99 92 10
e 105 58 21
e 172 114 21
e 89 164 7
e 82 19 10
e 72 71 12
e 89 137 6
e 66 27 21
e 117 25 18
e 92 86 12
e 109 27 10
e 109 2 10
e 47 27 10
e 77 152 10
e 130 62 10
e 103 120 21
e 55 120 9
e 143 165 10
e 91 2 10
e 13 27 10
e 4 121 17
e 122 109 10
e 14 27 6
e 172 75 21
e 98 100 10
e 125 2 10
e 130 165 21
e 122 131 18
e 117 82 18
e 9 153 10
e 174 159 21
e 130 144 10
e 160 27 21
e 174 160 21
e 117 156 18
e 125 137 10
e 18 9 6
e 98 158 21
e 59 92 21
e 174 139 21
e 25 69 21
e 122 113 7
e 153 69 21
e 137 73 21
e 132 12 10
e 19 73 21
e 0 94 21
e 47 49 10
e 117 47 18
e 156 94 21
e 4 35 17
e 122 172 10
e 98 144 7
e 122 25 10
e 90 152 10
e 149 92 21
e 25 94 21
e 122 143 10
e 82 155 6
e 109 47 21
e 117 90 21
e 82 9 6
e 79 99 21
e 25 119 10
e 63 69 10
e 79 27 10
e 109 31 10
e 38 94 21
e 14 156 10
e 28 94 21
e 79 21 10
e 130 160 10
e 125 69 10
e 143 2 10
e 122 79 7
e 153 28 21
e 172 62 7
e 27 152 21
e 143 131 21
e 164 42 21
e 62 27 21
e 79 69 10
e 117 31 21
e 103 28 10
e 49 62 6
e 143 14 21
e 82 9 10
e 40 110 10
e 49 27 21
e 132 155 10
e 87 99 17
e 132 152 10
e 38 139 21
e 117 13 21
e 109 125 21
e 60 153 9
e 168 9 4
e 130 58 21
e 72 27 10
e 82 13 6
e 164 172 21
e 144 148 12
e 13 94 21
e 103 110 10
e 132 160 10
e 109 103 10
e 0 152 21
e 77 62 10
e 151 154 12
e 117 38 17
e 82 49 6
e 14 47 21
e 132 11 10
e 122 160 7
e 87 139 6
e 73 92 21
e 153 90 21
e 122 38 10
e 77 100 10
e 24 26 12
e 132 151 21
e 144 137 6
e 62 69 21
e 109 110 10
e 130 94 21
e 91 58 21
e 117 131 21
e 166 28 21
e 160 162 12
e 143 152 10
e 166 158 21
e 47 144 10
e 117 144 10
e 125 75 10
e 82 25 10
e 117 63 21
e 166 137 10
e 47 120 10
e 82 98 10
e 44 58 21
e 117 72 17
e 164 11 21
e 117 40 18
e 174 9 21
e 132 21 10
e 49 114 21
e 122 14 10
e 99 54 10
e 14 49 10
e 151 77 21
e 28 62 6
e 25 166 10
e 47 172 10
e 97 94 9
e 117 105 7
e 120 152 10
e 119 123 12
e 79 31 10
e 38 103 21
e 98 164 10
e 144 158 21
e 63 42 10
e 165 94 10
e 91 165 21
e 77 103 10
e 109 131 21
e 174 69 21
e 130 12 10
e 0 69 21
e 9 158 21
e 132 105 10
e 98 152 10
e 164 28 21
e 174 131 21
e 117 137 6
e 98 110 10
e 89 62 10
e 99 75 10
e 164 163 12
e 132 89 10
e 73 54 6
e 143 119 10
e 122 31 10
e 11 114 21
e 68 69 20
e 174 100 21
e 103 89 10
e 153 73 21
e 131 73 10
e 130 98 21
e 36 33 12
e 151 174 10
e 117 160 18
e 153 137 21
e 12 92 10
e 102 164 4
e 122 155 10
e 143 63 21
e 19 114 21
e 40 172 10
e 132 94 10
e 12 54 10
e 174 27 21
e 159 27 10
e 91 90 21
e 77 94 10
e 14 38 10
e 144 27 21
e 91 155 21
e 117 153 6
e 2 69 21
e 54 69 21
e 117 134 17
e 98 110 7
e 125 153 10
e 132 139 10
e 40 119 10
e 14 160 10
e 125 9 10
e 21 28 10
e 58 152 10
e 54 52 12
e 19 92 21
e 151 40 21
e 72 92 21
e 143 166 10
e 63 28 10
e 117 109 21
e 153 159 21
e 14 73 6
e 119 114 21
e 82 120 10
e 79 98 21
e 174 172 21
e 98 119 10
e 109 9 10
e 156 75 21
e 156 27 21
e 151 139 10
e 110 42 21
e 144 114 21
e 158 94 10
e 33 120 9
e 82 11 10
e 4 87 17
e 79 42 10
e 146 137 6
e 100 42 21
e 79 139 10
e 122 47 7
e 63 21 10
e 153 172 21
e 164 58 21
e 78 120 9
e 110 119 6
e 103 2 10
e 63 94 10
e 49 62 10
e 82 114 10
e 137 69 21
e 130 120 21
e 63 11 10
e 109 114 10
e 103 69 21
e 38 21 10
e 92 114 21
e 117 165 21
e 143 105 10
e 125 120 10
e 109 69 10
e 86 27 4
e 82 174 10
e 0 54 10
e 54 90 21
e 79 160 10
e 21 42 21
e 117 0 18
e 117 103 18
e 109 62 10
e 130 89 10
e 117 9 7
e 122 42 10
e 82 19 6
e 40 69 10
e 82 125 21
e 28 73 21
e 13 73 21
e 151 73 10
e 4 149 17
e 91 143 21
e 98 94 10
e 164 92 21
e 82 112 1
e 117 164 10
e 98 49 10
e 11 90 21
e 134 136 1
e 165 152 10
e 79 131 21
e 149 73 21
e 110 159 21
e 151 131 21
e 164 9 21
e 119 21 21
e 72 152 21
e 38 40 21
e 47 137 10
e 82 72 10
e 174 73 21
e 110 120 21
e 143 0 10
e 44 92 10
e 59 160 10
e 66 69 21
e 59 94 21
e 143 94 10
e 143 144 10
e 143 28 10
e 99 94 10
e 89 152 21
e 103 27 10
e 9 11 10
e 63 164 10
e 87 121 17
e 109 155 10
e 44 120 21
e 143 125 21
e 131 75 10
e 30 9 9
e 140 45 12
e 98 69 10
e 13 58 21
e 151 155 10
e 38 125 21
e 143 139 10
e 35 100 6
e 144 42 21
e 21 49 21
e 130 125 21
e 105 42 21
e 27 54 21
e 109 63 10
e 139 27 21
e 89 94 21
e 125 158 10
e 117 151 21
e 40 63 10
e 98 2 10
e 31 114 21
e 122 31 7
e 151 153 10
e 79 62 10
e 122 98 21
e 38 69 21
e 119 120 21
e 143 103 10
e 40 164 10
e 25 120 21
e 151 156 10
e 75 58 21
e 47 73 10
e 31 69 21
e 92 69 21
e 62 120 21
e 103 137 10
e 31 94 21
e 99 95 12
e 18 63 17
e 110 62 21
e 158 75 10
e 122 9 7
e 100 90 21
e 91 63 21
e 73 152 21
e 132 58 21
e 109 164 10
e 125 166 10
e 25 89 10
e 128 94 9
e 143 58 21
e 166 90 21
e 110 114 21
e 117 165 17
e 14 12 10
e 144 69 21
e 4 63 17
e 153 54 21
e 151 66 10
e 151 90 10
e 117 151 18
e 122 153 10
e 13 92 21
e 14 139 10
e 79 119 10
e 110 58 21
e 63 158 21
e 122 139 10
e 38 160 21
e 40 137 10
e 160 94 21
e 42 114 10
e 109 19 10
e 153 158 21
e 122 125 21
e 77 164 10
e 63 100 10
e 174 11 21
e 82 103 6
e 110 152 21
e 25 137 10
e 38 62 10
e 77 120 10
e 117 153 10
e 92 90 21
e 109 72 10
e 40 103 10
e 151 12 10
e 91 166 10
e 100 101 1
e 158 2 10
e 156 54 21
e 108 120 9
e 110 9 21
e 82 66 6
e 82 63 10
e 82 13 10
e 25 75 21
e 73 75 21
e 91 99 21
e 132 75 10
e 40 62 10
e 11 100 10
e 151 98 21
e 117 159 21
e 112 130 15
e 35 30 1
e 91 92 21
e 117 174 10
e 172 159 18
e 14 131 21
e 122 12 7
e 119 62 21
e 42 92 10
e 91 40 21
e 132 166 10
e 21 90 21
e 53 56 12
e 98 42 10
e 49 120 21
e 143 149 10
e 144 21 10
e 15 73 4
e 130 103 10
e 82 172 10
e 160 114 21
e 98 28 10
e 139 120 21
e 146 166 6
e 98 153 10
e 58 120 10
e 9 73 21
e 14 21 10
e 91 131 21
e 109 11 10
e 151 125 21
e 82 59 10
e 122 87 7
e 82 38 10
e 28 114 21
e 117 103 17
e 25 164 10
e 14 9 10
e 8 146 9
e 109 156 10
e 122 40 21
e 44 69 21
e 82 110 10
e 59 42 21
e 18 153 6
e 151 110 10
e 132 69 10
e 149 27 21
e 25 58 21
e 11 100 6
e 42 90 10
e 143 69 10
e 98 58 21
e 172 28 7
e 121 31 6
e 2 49 10
e 66 131 21
e 172 42 21
e 109 153 10
e 87 12 17
e 130 27 10
e 89 98 21
e 79 125 21
e 31 73 21
e 164 2 21
e 79 49 10
e 144 166 10
e 79 137 10
e 11 152 21
e 89 92 21
e 122 164 10
e 82 152 10
e 18 49 6
e 82 92 10
e 143 72 10
e 91 100 10
e 63 166 10
e 9 49 21
e 91 125 21
e 155 90 21
e 18 105 6
e 117 121 18
e 151 119 10
e 47 166 10
e 98 27 10
e 44 94 21
e 31 58 21
e 117 132 21
e 122 14 7
e 117 143 21
e 14 98 21
e 91 77 21
e 91 88 1
e 122 54 10
e 54 58 21
e 87 19 6
e 77 74 12
e 82 100 10
e 132 153 10
e 105 92 21
e 91 25 10
e 146 9 6
e 166 119 6
e 52 114 20
e 79 2 10
e 28 62 10
e 117 53 17
e 119 90 21
e 118 122 15
e 102 119 4
e 11 92 21
e 105 131 21
e 109 130 10
e 117 130 21
e 151 0 10
e 174 120 21
e 149 152 21
e 19 54 21
e 77 158 10
e 89 114 21
e 79 28 10
e 174 21 21
e 155 75 21
e 109 49 10
e 38 120 21
e 19 58 21
e 25 9 10
e 132 77 21
e 164 153 6
e 38 100 10
e 117 100 6
e 130 25 10
e 42 120 21
e 49 90 21
e 109 44 10
e 139 54 21
e 82 139 10
e 66 120 21
e 131 120 10
e 89 166 7
e 14 28 10
e 14 2 10
e 112 132 15
e 58 61 1
e 59 152 21
e 98 144 10
e 25 158 21
e 0 1 12
e 98 75 10
e 91 174 10
e 2 54 21
e 174 153 21
e 160 152 21
e 132 27 10
e 47 48 12
e 91 11 10
e 122 134 7
e 153 27 21
e 117 79 18
e 151 14 10
e 38 110 10
e 169 158 15
e 121 165 6
e 99 58 21
e 91 137 10
e 25 92 21
e 144 100 10
e 25 21 10
e 21 100 10
e 132 165 21
e 25 62 10
e 144 75 21
e 172 69 21
e 21 62 6
e 114 120 21
e 125 54 10
e 79 90 10
e 9 137 6
e 14 44 10
e 2 42 21
e 14 19 10
e 72 69 21
e 59 160 9
e 105 131 20
e 156 160 9
e 114 120 20
e 25 63 20
e 165 19 9
e 90 120 20
e 77 63 9
e 139 131 20
e 69 120 20
e 0 19 9
e 155 19 9
e 27 54 20
e 149 131 20
e 62 100 9
e 94 120 20
e 72 160 9
e 31 19 9
e 99 131 20
e 144 146 20
e 119 153 9
e 66 131 20
e 44 160 9
e 12 19 9
e 40 63 9
e 58 120 9
e 2 6 20
e 47 63 9
-
