t # 0 U 1
v 0 0
v 1 1
v 2 2
v 3 3
v 4 4
v 5 5
v 6 6
v 7 7
v 8 8
v 9 9
v 10 10
e 1 2 10
e 6 1 15
e 8 10 1
e 8 5 21
e 8 2 21
e 3 9 4
e 7 8 9
e 4 9 10
e 10 5 20
e 5 6 1
e 0 5 9
e 4 9 2
e 5 2 21
e 10 2 15
e 8 1 21
e 5 1 21
e 3 4 9
-
t # 1 U 1
v 0 1
v 1 2
v 2 3
v 3 5
v 4 4
v 5 6
v 6 9
v 7 11
v 8 8
v 9 10
e 8 9 1
e 8 0 21
e 3 5 1
e 3 0 21
e 4 6 10
e 8 1 21
e 2 4 9
e 9 1 15
e 5 0 15
e 3 1 21
e 9 3 20
e 7 8 20
e 8 3 21
e 2 6 4
e 4 6 2
e 0 1 10
-
t # 2 U 1
v 0 12
v 1 4
v 2 13
v 3 14
v 4 15
v 5 16
v 6 17
v 7 18
v 8 19
v 9 20
v 10 21
v 11 17
v 12 22
v 13 23
v 14 24
v 15 25
v 16 26
v 17 27
v 18 4
v 19 28
v 20 29
v 21 3
v 22 30
v 23 31
v 24 32
e 0 9 10
e 18 1 13
e 0 2 10
e 22 23 10
e 23 1 21
e 18 3 2
e 22 2 21
e 1 3 10
e 9 2 21
e 18 2 2
e 22 1 21
e 4 1 21
e 12 9 20
e 0 15 10
e 4 3 21
e 23 9 21
e 13 14 1
e 6 22 4
e 0 13 10
e 19 15 21
e 1 2 10
e 9 15 10
e 18 15 2
e 24 4 15
e 0 22 10
e 10 13 9
e 18 1 21
e 10 9 20
e 0 19 10
e 4 7 1
e 20 22 9
e 21 2 9
e 23 2 21
e 0 4 10
e 4 15 10
e 11 19 4
e 13 4 21
e 22 15 21
e 19 1 21
e 13 9 21
e 22 19 21
e 13 1 21
e 17 18 20
e 1 2 2
e 7 9 4
e 14 22 9
e 13 3 21
e 23 19 21
e 13 23 10
e 0 1 21
e 9 3 21
e 0 6 1
e 9 1 21
e 13 2 21
e 18 3 10
e 13 15 10
e 2 15 10
e 19 3 21
e 23 3 21
e 3 15 10
e 22 3 21
e 17 2 15
e 12 13 9
e 16 0 20
e 5 15 9
e 22 4 21
e 18 19 2
e 23 4 21
e 9 19 10
e 4 2 21
e 23 15 21
e 18 19 10
e 17 3 20
e 6 9 9
e 19 2 21
e 1 15 10
e 8 9 9
e 19 21 11
e 0 3 10
e 18 15 10
e 21 1 9
e 18 2 10
e 4 9 10
e 9 11 12
e 2 3 10
e 3 5 1
e 4 19 10
e 13 19 10
e 0 23 10
e 22 9 21
e 13 22 10
e 23 24 1
-
t # 3 U 1
v 0 28
v 1 20
v 2 17
v 3 14
v 4 33
v 5 30
v 6 16
v 7 27
v 8 15
v 9 25
v 10 18
v 11 34
v 12 4
v 13 35
v 14 23
v 15 32
v 16 24
v 17 19
v 18 12
v 19 17
e 5 0 21
e 13 14 20
e 17 1 9
e 8 0 10
e 11 1 20
e 2 0 4
e 1 3 21
e 4 5 20
e 7 3 20
e 10 1 4
e 14 16 1
e 14 9 10
e 6 9 9
e 5 9 21
e 14 5 10
e 7 12 20
e 14 8 21
e 0 9 21
e 8 9 10
e 14 1 21
e 12 9 2
e 18 0 10
e 5 1 21
e 8 3 21
e 12 3 2
e 13 1 20
e 12 0 2
e 0 3 21
e 19 5 4
e 18 5 10
e 14 3 21
e 18 14 10
e 1 2 12
e 8 1 10
e 5 8 21
e 18 9 10
e 16 5 9
e 18 1 10
e 1 0 10
e 12 0 10
e 18 8 10
e 3 6 1
e 14 0 10
e 15 8 15
e 11 14 20
e 18 19 1
e 1 9 10
e 8 10 1
e 3 9 10
e 12 3 10
e 12 9 10
e 18 3 10
e 5 3 21
e 19 1 9
-
t # 4 U 1
v 0 36
v 1 37
v 2 8
v 3 38
v 4 39
v 5 40
e 1 2 20
e 2 3 1
e 0 2 21
e 3 4 4
e 5 0 20
e 0 1 1
e 0 4 10
e 2 4 10
-
t # 5 U 1
v 0 8
v 1 41
v 2 42
v 3 43
v 4 18
e 1 2 4
e 3 2 20
e 2 4 12
e 2 0 20
-
t # 6 U 1
v 0 44
v 1 36
v 2 37
v 3 8
v 4 38
v 5 39
e 1 2 1
e 4 5 4
e 3 4 1
e 1 5 10
e 0 1 20
e 1 3 21
e 2 3 20
e 3 5 10
-
t # 7 U 1
v 0 45
v 1 46
v 2 47
v 3 48
v 4 48
v 5 49
v 6 50
v 7 51
v 8 52
v 9 53
v 10 54
v 11 18
v 12 55
e 5 1 21
e 0 1 10
e 5 0 21
e 7 9 9
e 1 9 10
e 4 5 9
e 0 8 10
e 0 9 10
e 3 5 9
e 6 8 9
e 5 6 1
e 2 5 9
e 8 9 10
e 10 9 15
e 5 9 10
e 12 0 20
e 8 11 12
e 8 1 21
e 5 8 10
e 8 1 20
-
t # 8 U 1
v 0 45
v 1 46
v 2 47
v 3 48
v 4 48
v 5 49
v 6 50
v 7 51
v 8 52
v 9 53
v 10 54
v 11 18
v 12 55
e 8 1 21
e 4 5 9
e 5 1 21
e 6 8 9
e 8 11 12
e 7 9 9
e 0 9 10
e 5 0 21
e 5 9 10
e 0 8 10
e 10 9 15
e 2 5 9
e 8 9 10
e 0 1 10
e 5 8 10
e 1 9 10
e 12 0 20
e 5 6 1
e 3 5 9
e 8 1 20
-
t # 9 U 1
v 0 4
v 1 28
v 2 19
v 3 20
v 4 56
v 5 17
v 6 14
v 7 30
v 8 16
v 9 57
v 10 58
v 11 27
v 12 23
v 13 25
v 14 15
v 15 24
v 16 18
v 17 32
v 18 12
v 19 17
e 16 3 4
e 2 3 9
e 18 7 10
e 12 6 21
e 12 14 21
e 15 7 9
e 7 13 21
e 3 5 12
e 12 3 21
e 0 6 10
e 9 3 20
e 12 13 10
e 1 6 21
e 18 19 1
e 4 7 20
e 7 14 21
e 19 7 4
e 6 8 1
e 14 13 10
e 14 6 21
e 9 12 20
e 5 1 4
e 12 15 1
e 0 1 10
e 14 1 10
e 6 13 10
e 0 13 2
e 18 12 10
e 18 1 10
e 18 14 10
e 14 3 10
e 11 6 20
e 11 0 20
e 1 13 21
e 14 16 1
e 18 3 10
e 3 6 21
e 3 13 10
e 0 13 10
e 7 6 21
e 10 12 20
e 19 3 9
e 0 6 2
e 18 13 10
e 7 3 21
e 12 1 10
e 0 1 2
e 17 14 15
e 10 3 20
e 18 6 10
e 7 1 21
e 8 13 9
e 3 1 10
e 12 7 10
-
