t # 0 U 1
v 0 0
v 1 1
v 2 2
v 3 3
v 4 4
v 5 5
v 6 6
v 7 7
v 8 8
v 9 9
v 10 6
v 11 10
v 12 11
v 13 12
v 14 13
v 15 14
v 16 15
v 17 16
v 18 17
v 19 18
v 20 13
v 21 19
v 22 13
v 23 20
v 24 15
v 25 12
v 26 13
v 27 21
v 28 22
v 29 23
v 30 24
v 31 10
v 32 25
v 33 13
v 34 26
v 35 27
v 36 28
v 37 29
v 38 30
v 39 31
v 40 32
v 41 13
v 42 33
v 43 19
v 44 13
v 45 34
v 46 35
v 47 36
v 48 37
v 49 38
v 50 5
e 4 34 10
e 15 35 9
e 11 43 4
e 15 28 4
e 38 24 21
e 4 19 10
e 4 30 10
e 21 7 21
e 45 30 21
e 45 2 21
e 23 7 21
e 4 13 10
e 38 25 21
e 9 7 21
e 2 43 10
e 21 2 21
e 13 25 21
e 38 30 21
e 39 49 10
e 21 49 10
e 32 39 10
e 38 19 21
e 28 35 10
e 49 7 21
e 39 9 21
e 17 40 10
e 34 25 21
e 0 2 4
e 45 43 21
e 38 43 21
e 43 44 12
e 10 49 10
e 48 49 9
e 45 40 21
e 23 39 10
e 13 12 21
e 9 6 21
e 10 25 10
e 32 43 21
e 21 25 21
e 24 40 10
e 2 3 1
e 9 43 10
e 2 7 10
e 13 43 10
e 10 2 21
e 45 24 21
e 23 9 21
e 36 40 9
e 3 19 4
e 38 40 10
e 0 39 4
e 19 12 21
e 25 6 21
e 16 24 13
e 38 49 10
e 45 23 21
e 34 39 10
e 13 19 10
e 4 28 10
e 27 34 9
e 24 28 2
e 4 25 10
e 32 34 10
e 39 2 21
e 23 34 10
e 10 13 10
e 34 7 21
e 28 40 10
e 21 6 21
e 30 40 10
e 19 49 10
e 10 43 10
e 39 43 17
e 38 34 21
e 45 13 21
e 45 25 21
e 11 25 4
e 34 49 10
e 9 19 10
e 2 6 10
e 4 39 10
e 10 19 10
e 4 7 10
e 21 12 21
e 47 4 20
e 13 7 21
e 10 9 10
e 2 25 10
e 16 24 21
e 35 36 1
e 17 30 10
e 9 11 1
e 42 9 15
e 31 21 4
e 38 10 21
e 21 22 12
e 43 7 21
e 4 10 10
e 8 12 9
e 13 14 1
e 49 50 12
e 16 40 10
e 38 12 21
e 2 19 10
e 16 17 10
e 23 12 21
e 39 19 21
e 45 39 21
e 21 9 21
e 45 9 21
e 32 12 21
e 21 43 21
e 39 6 17
e 10 34 10
e 38 41 12
e 23 49 10
e 24 35 10
e 9 25 10
e 10 12 10
e 34 19 21
e 38 32 21
e 4 17 10
e 4 24 10
e 38 6 21
e 21 23 10
e 39 6 21
e 45 12 21
e 17 24 21
e 32 19 21
e 38 21 21
e 13 34 10
e 50 7 9
e 34 2 21
e 34 43 21
e 5 7 9
e 39 12 21
e 4 9 10
e 7 12 10
e 16 28 2
e 32 9 21
e 38 13 21
e 45 21 21
e 45 35 21
e 28 30 10
e 45 47 1
e 4 49 10
e 34 6 21
e 32 6 21
e 38 17 21
e 10 32 10
e 34 9 21
e 16 35 2
e 38 23 21
e 6 12 10
e 5 34 4
e 17 35 10
e 5 49 9
e 4 6 10
e 19 7 21
e 18 28 9
e 29 30 4
e 10 21 10
e 18 24 20
e 23 27 1
e 7 8 1
e 38 9 21
e 23 6 21
e 32 25 21
e 39 25 17
e 23 25 21
e 45 28 21
e 13 6 21
e 24 28 10
e 39 25 21
e 38 35 21
e 10 23 10
e 45 10 21
e 15 30 9
e 4 2 21
e 30 35 10
e 2 12 10
e 29 6 15
e 39 9 17
e 25 7 21
e 10 39 10
e 9 49 10
e 4 12 10
e 16 28 10
e 41 45 4
e 32 49 10
e 42 38 15
e 2 49 10
e 39 7 21
e 45 49 10
e 45 6 21
e 24 30 10
e 16 17 2
e 32 33 12
e 38 39 10
e 17 28 10
e 32 2 21
e 2 9 10
e 31 13 4
e 16 35 10
e 39 2 17
e 19 20 12
e 46 45 20
e 16 40 2
e 45 19 21
e 21 34 10
e 4 32 10
e 43 49 10
e 4 35 10
e 4 40 10
e 16 30 2
e 49 6 21
e 45 7 21
e 13 39 10
e 21 39 10
e 20 49 4
e 38 4 21
e 39 19 17
e 4 21 10
e 49 12 21
e 43 6 21
e 43 12 21
e 39 49 6
e 23 43 21
e 38 2 21
e 25 26 1
e 9 12 10
e 10 7 10
e 4 43 10
e 16 30 10
e 4 5 1
e 35 40 10
e 45 4 21
e 6 7 10
e 23 2 21
e 34 12 21
e 21 19 21
e 19 6 21
e 4 23 10
e 32 7 21
e 39 43 21
e 15 16 9
e 29 10 15
e 38 45 10
e 45 32 21
e 5 17 4
e 1 32 9
e 31 9 20
e 45 17 21
e 5 10 9
e 37 38 9
e 50 6 9
e 45 34 21
e 13 49 10
e 13 9 21
e 38 28 21
e 25 49 10
e 38 7 21
e 17 18 0
e 25 12 21
e 23 19 21
e 13 23 10
e 13 2 21
e 10 6 21
e 13 23 9
e 43 49 9
e 32 34 9
e 25 49 9
e 21 23 9
-
t # 1 U 1
v 0 31
v 1 5
v 2 38
v 3 37
v 4 36
v 5 34
v 6 26
v 7 13
v 8 13
v 9 25
v 10 19
v 11 13
v 12 32
v 13 11
v 14 12
v 15 3
v 16 8
v 17 6
v 18 7
v 19 1
v 20 0
v 21 6
v 22 33
v 23 5
v 24 4
v 25 2
v 26 35
v 27 15
v 28 17
v 29 16
v 30 10
v 31 9
v 32 15
v 33 13
v 34 14
v 35 30
v 36 13
v 37 29
v 38 12
v 39 28
v 40 27
v 41 10
v 42 24
v 43 23
v 44 13
v 45 19
v 46 13
v 47 18
v 48 22
v 49 21
v 50 20
e 5 9 21
e 35 11 12
e 41 31 20
e 35 18 21
e 9 13 21
e 40 12 10
e 15 47 4
e 0 31 17
e 29 12 10
e 50 13 21
e 5 13 21
e 34 32 9
e 0 47 21
e 35 17 21
e 5 10 21
e 9 10 21
e 39 12 9
e 35 14 21
e 14 2 10
e 0 10 21
e 0 13 21
e 0 18 21
e 45 18 21
e 32 48 2
e 29 48 10
e 4 24 20
e 24 27 10
e 9 7 12
e 10 13 21
e 35 21 21
e 0 31 21
e 49 6 9
e 14 47 10
e 35 31 21
e 14 50 10
e 50 2 10
e 6 18 21
e 24 17 10
e 1 18 9
e 5 18 21
e 17 6 10
e 5 0 21
e 6 31 21
e 24 21 10
e 24 50 10
e 22 31 15
e 17 2 10
e 21 13 10
e 24 23 1
e 26 5 20
e 17 14 10
e 3 2 9
e 9 25 21
e 14 13 21
e 24 6 10
e 24 47 10
e 27 42 10
e 31 47 10
e 6 0 10
e 0 25 21
e 32 12 2
e 43 21 15
e 0 47 17
e 31 21 21
e 10 18 21
e 50 21 21
e 38 2 10
e 35 45 21
e 29 40 10
e 27 12 10
e 23 17 9
e 9 18 21
e 24 29 10
e 5 45 21
e 32 29 2
e 18 16 1
e 45 2 10
e 1 21 9
e 24 48 10
e 5 47 21
e 34 42 9
e 25 2 10
e 23 29 4
e 6 21 21
e 47 2 10
e 5 42 21
e 19 9 9
e 5 38 21
e 17 47 10
e 35 12 10
e 35 10 21
e 35 27 21
e 50 25 21
e 20 0 4
e 5 25 21
e 6 25 21
e 17 45 10
e 5 2 10
e 25 13 10
e 28 48 9
e 5 31 21
e 14 21 21
e 40 39 1
e 0 25 17
e 5 4 1
e 10 21 21
e 47 46 12
e 14 31 21
e 25 47 10
e 29 42 10
e 5 17 21
e 47 18 21
e 17 21 21
e 45 13 21
e 32 42 10
e 2 1 12
e 0 2 6
e 17 25 21
e 32 48 10
e 43 42 4
e 24 2 10
e 45 25 21
e 42 40 10
e 23 18 9
e 31 10 10
e 0 21 21
e 31 30 1
e 16 13 9
e 17 38 10
e 0 2 10
e 50 6 10
e 11 5 4
e 35 24 21
e 31 2 10
e 9 31 21
e 2 21 21
e 45 44 12
e 47 13 21
e 38 36 1
e 0 38 21
e 14 6 10
e 24 40 10
e 50 31 21
e 17 10 10
e 32 40 10
e 14 25 21
e 27 48 10
e 32 42 2
e 24 18 10
e 6 13 21
e 5 24 21
e 5 50 21
e 43 17 15
e 35 13 21
e 50 0 10
e 50 47 21
e 23 6 4
e 24 10 10
e 46 2 4
e 35 29 21
e 9 47 21
e 14 10 10
e 17 13 10
e 17 50 10
e 32 27 13
e 35 50 21
e 45 31 21
e 32 27 21
e 47 21 21
e 25 18 10
e 20 25 4
e 6 10 21
e 31 18 21
e 25 38 10
e 14 18 21
e 45 47 21
e 45 21 21
e 0 38 17
e 9 6 10
e 18 13 10
e 0 10 17
e 35 38 21
e 6 2 10
e 32 40 2
e 35 2 10
e 2 13 21
e 25 10 10
e 14 33 1
e 17 0 10
e 35 47 21
e 5 12 21
e 45 0 10
e 50 38 21
e 25 31 10
e 14 0 10
e 41 14 4
e 24 38 10
e 35 25 21
e 29 28 0
e 27 40 10
e 32 29 10
e 34 40 9
e 50 10 21
e 22 35 15
e 5 14 21
e 25 21 10
e 24 31 10
e 25 15 1
e 50 49 1
e 23 2 9
e 38 21 21
e 35 5 10
e 24 12 10
e 48 42 10
e 5 29 21
e 0 21 17
e 24 14 10
e 21 18 10
e 5 27 21
e 48 40 10
e 38 18 21
e 2 18 21
e 41 45 4
e 17 18 10
e 45 38 21
e 28 27 20
e 24 13 10
e 5 48 21
e 14 38 21
e 48 12 10
e 35 42 21
e 9 38 21
e 24 42 10
e 31 13 10
e 37 35 9
e 9 0 10
e 31 38 10
e 5 40 21
e 17 9 10
e 27 48 2
e 5 6 21
e 5 21 21
e 30 38 4
e 29 27 21
e 35 6 21
e 9 2 10
e 17 31 10
e 50 18 21
e 10 8 12
e 34 48 4
e 6 38 21
e 35 40 21
e 24 45 10
e 45 6 10
e 45 10 21
e 42 12 10
e 30 10 4
e 38 13 21
e 24 0 10
e 6 47 21
e 10 2 10
e 45 50 10
e 9 21 21
e 32 12 10
e 24 9 10
e 35 48 21
e 35 9 21
e 35 0 10
e 24 25 21
e 14 50 9
e 10 2 9
e 38 2 9
e 9 6 9
e 45 50 9
-
