t # 0 U 1
v 0 0
v 1 1
v 2 2
v 3 3
v 4 4
v 5 5
v 6 3
v 7 6
v 8 7
v 9 8
v 10 9
v 11 10
v 12 11
v 13 12
v 14 13
v 15 14
v 16 15
v 17 16
v 18 8
v 19 17
v 20 18
v 21 19
v 22 20
v 23 21
v 24 5
v 25 22
v 26 23
v 27 8
v 28 24
v 29 25
v 30 8
v 31 26
v 32 27
v 33 1
v 34 28
v 35 29
v 36 2
v 37 30
v 38 31
v 39 32
v 40 32
v 41 3
v 42 33
v 43 34
v 44 35
v 45 36
v 46 37
v 47 13
e 16 46 10
e 44 33 20
e 16 18 21
e 25 0 21
e 20 16 21
e 22 26 4
e 25 4 21
e 26 11 21
e 25 6 17
e 20 46 10
e 16 33 21
e 33 36 1
e 26 18 21
e 25 3 21
e 23 20 21
e 4 15 10
e 0 15 10
e 0 11 10
e 16 17 1
e 22 31 4
e 23 41 21
e 1 2 1
e 7 11 4
e 2 3 9
e 23 13 21
e 11 9 21
e 36 41 9
e 25 27 17
e 25 31 10
e 4 33 21
e 25 20 21
e 23 16 21
e 23 24 12
e 4 20 10
e 38 6 21
e 20 26 10
e 25 26 10
e 25 9 21
e 20 45 10
e 46 47 12
e 5 16 4
e 19 33 20
e 20 0 17
e 15 31 10
e 4 13 10
e 24 16 4
e 21 20 20
e 26 33 21
e 11 12 1
e 45 11 21
e 46 45 21
e 25 41 17
e 4 0 21
e 26 13 21
e 20 18 21
e 23 26 10
e 13 31 10
e 43 1 20
e 47 45 9
e 26 31 10
e 23 15 21
e 46 11 21
e 4 26 10
e 26 45 10
e 13 14 1
e 37 20 20
e 15 9 21
e 32 34 9
e 39 11 20
e 23 18 21
e 28 1 20
e 34 6 21
e 20 15 21
e 16 9 21
e 25 15 21
e 23 33 21
e 29 18 20
e 34 38 10
e 4 18 10
e 10 15 9
e 26 41 21
e 20 31 10
e 25 18 21
e 0 41 10
e 16 31 10
e 4 16 10
e 17 13 20
e 26 0 21
e 25 30 21
e 0 45 10
e 0 13 10
e 11 31 10
e 8 9 9
e 23 31 10
e 16 45 10
e 22 0 15
e 26 16 21
e 45 7 12
e 13 15 10
e 25 38 10
e 25 33 21
e 16 41 21
e 4 11 10
e 40 25 15
e 46 31 21
e 1 3 10
e 34 6 13
e 23 0 21
e 29 30 20
e 32 38 9
e 26 0 17
e 17 46 9
e 23 9 21
e 20 22 1
e 45 31 21
e 42 6 20
e 25 13 21
e 25 11 21
e 25 1 21
e 13 9 21
e 11 15 10
e 46 9 21
e 16 13 21
e 45 9 21
e 25 41 21
e 33 41 10
e 25 3 17
e 0 33 10
e 20 33 21
e 23 11 21
e 26 9 21
e 20 41 21
e 22 16 20
e 0 16 10
e 14 45 9
e 16 15 21
e 0 9 10
e 20 9 21
e 23 46 10
e 25 45 10
e 4 45 10
e 23 45 10
e 13 45 10
e 25 6 21
e 31 9 21
e 29 27 20
e 0 31 10
e 46 15 21
e 35 15 15
e 26 15 21
e 25 16 21
e 4 46 10
e 13 11 21
e 45 15 21
e 25 27 21
e 38 42 1
e 4 41 21
e 26 46 10
e 0 18 10
e 16 11 21
e 25 34 10
e 4 9 10
e 34 38 2
e 20 13 21
e 25 30 17
e 25 18 17
e 20 31 5
e 25 23 21
e 0 46 10
e 20 0 21
e 25 46 10
e 4 31 10
e 4 5 1
e 20 11 21
e 11 15 9
-
t # 1 U 1
v 0 38
v 1 20
v 2 39
v 3 11
v 4 8
v 5 11
v 6 40
v 7 38
v 8 28
v 9 20
v 10 41
v 11 11
v 12 8
v 13 30
v 14 42
v 15 11
v 16 43
v 17 44
v 18 45
v 19 46
v 20 39
v 21 47
v 22 48
v 23 11
v 24 11
v 25 49
v 26 50
v 27 41
v 28 3
e 14 4 21
e 10 4 21
e 0 4 21
e 2 0 21
e 20 23 12
e 8 25 10
e 16 10 21
e 19 0 20
e 1 4 20
e 13 2 4
e 14 15 12
e 24 14 4
e 8 28 13
e 7 9 12
e 27 3 12
e 20 12 21
e 6 25 9
e 17 22 4
e 18 19 1
e 22 0 21
e 26 28 20
e 7 12 21
e 2 5 12
e 16 0 21
e 14 0 21
e 27 12 21
e 22 14 21
e 10 0 21
e 6 8 20
e 16 14 21
e 8 28 21
e 16 4 21
e 22 4 21
e 20 7 21
e 16 17 1
e 16 22 10
e 9 12 20
e 2 14 10
e 21 25 9
e 13 27 4
e 13 20 4
e 10 14 10
e 0 1 12
e 13 10 4
e 2 4 21
e 25 26 1
e 22 24 12
e 25 28 21
e 27 7 21
e 10 11 12
e 8 25 2
e 16 2 21
e 20 7 20
e 2 14 9
e 27 7 20
e 10 14 9
e 14 18 9
-
t # 2 U 1
v 0 51
v 1 52
v 2 53
e 0 1 9
e 2 1 20
-
t # 3 U 1
v 0 53
v 1 51
v 2 54
v 3 55
e 3 2 20
e 1 2 9
e 0 2 9
-
t # 4 U 1
v 0 56
v 1 57
v 2 58
v 3 59
v 4 60
v 5 25
v 6 11
v 7 61
v 8 56
v 9 62
v 10 63
v 11 64
e 7 10 10
e 4 6 12
e 8 9 9
e 4 10 10
e 9 10 10
e 7 4 21
e 9 4 21
e 7 1 21
e 9 1 21
e 0 1 9
e 2 1 15
e 1 4 10
e 7 9 10
e 2 9 4
e 3 7 9
e 1 10 10
e 2 10 4
e 11 4 20
e 2 7 4
e 5 7 9
e 4 10 9
-
t # 5 U 1
v 0 65
v 1 66
v 2 11
v 3 51
v 4 51
v 5 67
v 6 68
v 7 11
v 8 66
v 9 60
v 10 69
v 11 60
v 12 66
v 13 70
v 14 66
v 15 71
v 16 66
v 17 72
v 18 66
v 19 73
v 20 74
v 21 75
v 22 76
v 23 66
v 24 5
v 25 77
v 26 78
v 27 78
v 28 79
v 29 66
v 30 11
v 31 67
v 32 11
e 5 29 21
e 26 1 20
e 14 16 21
e 1 31 10
e 1 14 21
e 4 16 9
e 12 1 21
e 8 5 10
e 1 11 21
e 17 18 20
e 0 1 9
e 8 29 21
e 12 18 21
e 25 23 20
e 8 12 21
e 8 1 21
e 20 23 20
e 9 29 10
e 1 9 21
e 29 11 21
e 23 16 21
e 8 16 21
e 8 31 10
e 19 16 15
e 28 29 20
e 12 11 21
e 23 29 21
e 22 12 20
e 19 14 15
e 18 29 21
e 12 14 21
e 9 11 21
e 1 2 12
e 5 9 21
e 18 23 21
e 18 31 10
e 31 32 12
e 31 14 21
e 8 18 21
e 8 11 21
e 11 16 10
e 10 12 20
e 1 16 21
e 29 16 21
e 5 14 21
e 1 5 10
e 18 5 10
e 5 16 21
e 3 14 9
e 19 18 15
e 2 5 4
e 21 8 20
e 23 5 10
e 12 23 21
e 30 31 4
e 29 31 10
e 29 30 12
e 12 5 10
e 8 14 21
e 8 9 21
e 18 9 21
e 27 29 20
e 6 8 20
e 9 16 10
e 8 23 21
e 23 31 10
e 12 9 21
e 15 16 20
e 18 14 21
e 19 8 15
e 1 29 21
e 5 7 12
e 19 1 15
e 9 14 10
e 9 31 10
e 12 31 10
e 18 1 21
e 18 11 21
e 23 9 21
e 12 16 21
e 31 11 21
e 23 11 21
e 18 16 21
e 12 29 21
e 19 12 15
e 23 1 21
e 5 11 21
e 5 31 21
e 29 14 21
e 23 14 21
e 24 18 9
e 11 14 10
e 13 14 20
e 19 23 15
e 19 29 15
e 31 16 21
e 31 11 20
e 5 9 20
-
t # 6 U 1
v 0 80
v 1 44
v 2 81
v 3 58
v 4 82
v 5 38
v 6 82
v 7 20
v 8 8
v 9 83
v 10 84
v 11 30
v 12 39
v 13 11
v 14 28
v 15 48
v 16 11
v 17 41
v 18 85
v 19 11
v 20 86
v 21 28
v 22 87
v 23 39
v 24 11
v 25 88
v 26 89
v 27 41
v 28 60
v 29 11
v 30 73
v 31 90
v 32 30
v 33 49
v 34 50
v 35 91
v 36 92
v 37 93
v 38 94
v 39 3
v 40 11
v 41 64
v 42 11
v 43 95
v 44 96
v 45 97
v 46 51
v 47 56
v 48 42
v 49 98
v 50 58
e 22 48 21
e 17 23 21
e 30 6 4
e 22 0 21
e 10 11 12
e 43 18 21
e 0 10 10
e 26 39 21
e 49 36 15
e 14 31 10
e 43 23 21
e 43 10 21
e 43 39 21
e 21 26 10
e 17 15 10
e 10 27 21
e 21 26 2
e 4 5 21
e 22 4 21
e 12 8 21
e 32 17 4
e 17 0 10
e 49 10 15
e 33 34 1
e 28 27 21
e 48 4 10
e 31 39 21
e 25 37 9
e 11 27 4
e 2 18 10
e 36 33 21
e 21 39 21
e 2 28 21
e 43 28 21
e 3 5 20
e 36 26 21
e 22 8 21
e 14 18 10
e 36 2 21
e 28 8 21
e 28 10 10
e 28 0 10
e 38 4 21
e 31 33 21
e 2 17 21
e 43 45 1
e 6 0 21
e 6 4 21
e 37 4 21
e 2 5 21
e 27 48 10
e 44 43 20
e 22 25 1
e 28 48 21
e 38 10 17
e 28 15 21
e 22 27 21
e 6 38 10
e 43 0 21
e 5 7 12
e 6 15 21
e 22 38 10
e 28 38 10
e 12 4 10
e 36 5 21
e 38 27 17
e 37 5 21
e 23 48 10
e 36 37 10
e 2 37 10
e 36 22 21
e 12 23 21
e 4 8 21
e 2 22 10
e 28 37 10
e 43 5 21
e 41 28 20
e 20 26 9
e 10 23 21
e 23 8 21
e 17 38 10
e 36 4 21
e 14 21 13
e 43 12 21
e 15 48 21
e 14 31 2
e 2 12 21
e 2 39 21
e 37 0 21
e 0 15 21
e 14 33 10
e 12 5 21
e 30 4 4
e 32 12 4
e 37 27 21
e 12 0 10
e 17 37 10
e 48 8 21
e 36 8 21
e 26 33 21
e 36 21 21
e 36 0 21
e 36 10 21
e 48 5 21
e 3 18 4
e 46 0 4
e 2 15 21
e 6 22 10
e 28 4 10
e 40 43 4
e 45 2 20
e 0 5 21
e 28 29 12
e 38 4 17
e 20 21 20
e 50 5 20
e 17 22 10
e 28 23 21
e 36 18 21
e 36 17 21
e 38 5 21
e 12 15 10
e 22 10 21
e 12 48 10
e 2 8 21
e 6 8 21
e 38 10 21
e 38 15 17
e 36 23 21
e 21 31 10
e 6 27 21
e 12 13 12
e 2 23 21
e 2 10 10
e 2 26 10
e 27 8 21
e 36 12 21
e 37 10 21
e 0 1 12
e 43 26 21
e 36 40 12
e 0 23 21
e 16 48 4
e 38 23 17
e 2 6 10
e 37 8 21
e 18 26 10
e 12 22 10
e 14 21 21
e 2 33 21
e 43 21 21
e 27 4 10
e 15 16 12
e 14 26 10
e 36 31 21
e 37 15 21
e 43 6 21
e 6 48 21
e 38 48 17
e 36 15 21
e 9 33 20
e 38 8 21
e 35 36 9
e 17 27 21
e 7 8 20
e 36 48 21
e 33 39 21
e 26 31 10
e 43 15 21
e 2 0 21
e 2 48 21
e 36 43 10
e 18 20 0
e 18 31 10
e 43 4 21
e 27 42 12
e 22 37 10
e 43 48 21
e 38 15 21
e 5 8 21
e 43 33 21
e 6 12 21
e 37 23 21
e 12 10 10
e 38 27 21
e 10 48 21
e 38 0 21
e 6 10 10
e 37 48 21
e 17 48 10
e 17 5 21
e 37 38 10
e 12 37 10
e 17 19 12
e 1 15 4
e 50 4 9
e 18 21 21
e 9 31 9
e 3 48 20
e 43 38 21
e 6 23 21
e 23 24 12
e 0 4 10
e 9 26 4
e 22 5 21
e 14 33 2
e 3 6 9
e 43 2 21
e 32 10 9
e 28 5 21
e 36 27 21
e 48 50 1
e 18 33 21
e 38 23 21
e 2 3 12
e 2 21 21
e 2 4 10
e 43 22 21
e 17 4 10
e 12 27 10
e 15 5 21
e 3 37 4
e 6 17 21
e 22 15 21
e 34 39 20
e 14 26 2
e 17 8 21
e 14 18 2
e 2 27 21
e 18 39 21
e 36 38 10
e 10 15 21
e 38 0 17
e 0 27 21
e 10 4 21
e 27 5 21
e 21 33 10
e 9 14 20
e 43 37 21
e 36 6 21
e 0 48 21
e 0 8 21
e 2 38 10
e 43 17 21
e 6 28 21
e 17 10 10
e 10 8 21
e 43 8 21
e 11 23 4
e 22 23 21
e 30 31 4
e 14 39 21
e 23 4 10
e 36 39 21
e 43 27 21
e 15 4 10
e 14 39 13
e 47 48 20
e 36 28 21
e 2 31 10
e 43 31 21
e 38 48 21
e 15 8 21
e 10 5 21
e 46 38 4
e 23 5 21
e 6 37 10
e 12 38 10
e 6 5 21
e 17 22 9
e 27 48 9
e 12 22 9
e 23 48 9
e 28 37 9
-
t # 7 U 1
v 0 99
v 1 0
v 2 50
v 3 100
v 4 11
v 5 28
v 6 101
v 7 102
v 8 103
v 9 13
v 10 11
v 11 104
v 12 105
v 13 106
v 14 20
v 15 100
v 16 3
v 17 11
v 18 23
v 19 73
v 20 107
v 21 108
v 22 11
v 23 109
v 24 15
v 25 11
v 26 110
v 27 16
v 28 111
v 29 8
v 30 112
v 31 113
e 18 20 10
e 8 7 15
e 13 30 10
e 26 1 17
e 21 20 15
e 15 0 21
e 18 7 10
e 24 23 10
e 26 30 10
e 13 24 21
e 23 30 5
e 6 10 12
e 5 16 21
e 15 3 21
e 0 30 5
e 1 5 10
e 24 3 10
e 6 1 21
e 20 29 21
e 13 20 10
e 13 7 21
e 6 30 10
e 28 11 20
e 7 0 21
e 20 3 21
e 13 11 21
e 3 30 10
e 18 1 17
e 23 30 10
e 20 23 10
e 26 23 21
e 26 29 21
e 28 6 15
e 6 16 21
e 13 14 12
e 5 16 13
e 6 11 6
e 26 18 21
e 24 7 10
e 18 11 10
e 18 24 21
e 6 1 17
e 20 30 10
e 13 16 21
e 1 11 10
e 3 23 10
e 7 23 10
e 6 3 21
e 13 1 21
e 5 11 2
e 21 26 4
e 6 29 21
e 26 20 21
e 13 5 21
e 13 11 17
e 7 20 10
e 26 28 1
e 14 24 20
e 14 1 15
e 6 18 21
e 18 1 21
e 7 30 10
e 23 25 12
e 26 16 17
e 7 15 21
e 6 24 21
e 6 23 10
e 13 23 10
e 26 24 21
e 19 13 4
e 26 13 21
e 6 13 10
e 6 7 10
e 13 16 17
e 6 5 21
e 7 29 21
e 26 7 21
e 14 18 4
e 18 11 6
e 7 9 12
e 2 11 9
e 9 23 9
e 11 16 21
e 13 3 21
e 15 30 10
e 14 30 4
e 24 29 21
e 26 15 21
e 24 15 10
e 13 1 17
e 12 16 20
e 15 17 12
e 5 11 10
e 26 3 21
e 0 3 10
e 21 15 15
e 15 23 10
e 7 3 21
e 18 0 10
e 20 22 12
e 15 29 21
e 27 7 9
e 24 27 1
e 1 16 10
e 26 11 21
e 23 29 21
e 6 0 21
e 26 16 21
e 6 11 10
e 24 30 10
e 13 18 21
e 18 3 10
e 13 29 21
e 13 15 21
e 1 2 0
e 6 16 17
e 0 23 10
e 21 3 15
e 18 23 10
e 0 30 10
e 20 0 21
e 26 6 21
e 24 20 10
e 26 5 21
e 18 16 21
e 26 1 21
e 18 16 17
e 6 20 10
e 18 5 10
e 13 0 21
e 26 0 21
e 26 11 17
e 3 4 12
e 3 29 21
e 31 24 15
e 2 5 20
e 0 29 21
e 18 30 10
e 18 29 21
e 6 15 21
e 9 0 9
e 11 12 1
e 24 0 10
e 18 15 10
e 15 0 20
e 20 0 20
e 23 29 20
e 6 13 9
e 3 23 9
-
t # 8 U 1
v 0 11
v 1 39
v 2 11
v 3 92
v 4 11
v 5 49
v 6 41
v 7 50
v 8 84
v 9 41
v 10 11
v 11 38
v 12 30
v 13 95
v 14 20
v 15 87
v 16 97
v 17 3
v 18 88
v 19 8
v 20 96
v 21 83
v 22 28
v 23 80
v 24 93
v 25 11
v 26 81
v 27 58
v 28 63
v 29 114
v 30 85
v 31 86
v 32 30
v 33 11
v 34 11
v 35 94
v 36 51
v 37 28
v 38 51
v 39 115
v 40 56
v 41 42
v 42 39
v 43 58
v 44 91
v 45 89
e 28 19 21
e 35 41 17
e 13 1 21
e 15 28 21
e 39 28 20
e 4 13 4
e 26 17 21
e 3 1 21
e 34 41 4
e 13 26 21
e 32 42 4
e 27 41 20
e 42 8 10
e 15 24 10
e 13 24 21
e 13 17 21
e 18 24 9
e 39 24 20
e 13 37 21
e 23 11 21
e 24 11 21
e 22 17 21
e 37 5 10
e 42 35 10
e 35 23 21
e 3 8 21
e 3 41 21
e 1 41 10
e 24 8 21
e 24 28 21
e 3 42 21
e 28 8 10
e 3 13 10
e 23 29 10
e 26 19 21
e 13 41 21
e 8 19 21
e 13 30 21
e 29 11 21
e 45 5 21
e 26 11 21
e 15 23 21
e 1 11 21
e 13 19 21
e 3 6 21
e 16 26 20
e 13 35 21
e 6 10 12
e 21 22 20
e 27 24 4
e 37 45 10
e 42 1 21
e 3 29 10
e 27 30 4
e 26 1 21
e 35 1 21
e 29 41 21
e 35 19 21
e 3 11 21
e 22 45 2
e 42 15 10
e 22 30 10
e 35 41 21
e 26 30 10
e 37 45 2
e 15 41 21
e 13 6 21
e 35 9 21
e 28 29 10
e 41 11 21
e 38 3 4
e 8 41 21
e 29 19 21
e 26 24 10
e 30 5 21
e 26 8 10
e 15 29 10
e 13 16 1
e 32 8 9
e 13 15 21
e 13 23 21
e 13 45 21
e 11 19 21
e 3 23 21
e 9 11 21
e 24 29 10
e 35 29 6
e 13 5 21
e 1 19 21
e 22 45 10
e 13 28 21
e 3 4 12
e 28 41 21
e 8 9 21
e 3 15 21
e 38 8 4
e 26 29 10
e 28 23 10
e 24 9 21
e 8 23 21
e 40 41 20
e 3 26 21
e 21 5 20
e 3 19 21
e 13 9 21
e 8 12 12
e 42 29 10
e 35 29 10
e 31 45 9
e 24 35 10
e 15 18 1
e 5 7 1
e 43 11 20
e 3 28 21
e 26 15 10
e 6 41 10
e 24 41 21
e 30 37 21
e 21 45 4
e 42 24 10
e 27 11 20
e 3 17 21
e 37 17 21
e 22 37 21
e 20 13 20
e 26 41 21
e 30 17 21
e 26 27 12
e 42 41 10
e 35 23 17
e 6 24 10
e 9 41 10
e 26 37 21
e 22 5 10
e 42 23 10
e 3 35 10
e 9 33 12
e 30 45 10
e 35 11 21
e 24 23 21
e 23 25 12
e 30 31 0
e 13 42 21
e 6 8 10
e 36 23 4
e 31 37 20
e 35 8 21
e 26 23 21
e 29 34 12
e 26 35 10
e 27 28 4
e 45 17 21
e 1 2 12
e 6 19 21
e 32 6 4
e 12 9 4
e 26 6 21
e 3 9 21
e 12 1 4
e 24 19 21
e 3 5 21
e 6 11 21
e 26 28 21
e 3 45 21
e 24 1 21
e 6 29 10
e 26 42 21
e 3 30 21
e 5 17 21
e 15 1 21
e 6 15 10
e 6 23 10
e 3 37 21
e 22 5 2
e 36 35 4
e 41 19 21
e 28 35 10
e 42 28 10
e 26 9 21
e 22 37 13
e 28 11 21
e 42 0 12
e 9 19 21
e 22 17 13
e 14 19 20
e 13 11 21
e 25 29 4
e 26 5 21
e 22 30 2
e 28 9 21
e 6 1 21
e 13 8 21
e 8 29 10
e 15 11 21
e 8 11 21
e 42 19 21
e 44 3 9
e 6 28 10
e 7 17 20
e 23 41 21
e 28 1 21
e 26 45 10
e 23 19 21
e 15 9 21
e 6 35 10
e 13 29 10
e 3 24 10
e 42 11 21
e 15 35 10
e 6 9 21
e 8 1 21
e 15 19 21
e 42 9 10
e 11 14 12
e 41 43 1
e 15 8 21
e 9 41 9
e 6 15 9
e 1 41 9
e 42 15 9
-
