t # 0 U 1
v 0 0
v 1 1
v 2 2
v 3 3
v 4 4
v 5 5
v 6 4
v 7 6
v 8 7
v 9 8
v 10 9
v 11 10
v 12 11
v 13 12
v 14 10
v 15 13
v 16 14
v 17 15
v 18 16
v 19 11
v 20 17
v 21 18
v 22 19
v 23 20
v 24 21
v 25 10
v 26 22
v 27 10
v 28 23
v 29 16
v 30 24
v 31 25
v 32 8
v 33 26
v 34 10
v 35 27
v 36 28
v 37 29
v 38 10
v 39 30
v 40 12
v 41 31
v 42 32
v 43 10
v 44 33
v 45 34
v 46 35
v 47 36
v 48 37
v 49 38
v 50 3
e 17 4 21
e 22 35 9
e 12 28 2
e 9 11 1
e 13 20 10
e 6 5 10
e 24 35 10
e 24 17 21
e 49 5 21
e 4 8 10
e 6 8 10
e 36 5 21
e 44 32 21
e 24 36 10
e 32 34 1
e 36 20 17
e 44 17 21
e 37 17 21
e 37 15 21
e 37 35 21
e 42 17 15
e 44 5 21
e 36 32 21
e 6 21 10
e 12 39 10
e 30 39 10
e 10 28 9
e 44 2 21
e 35 20 21
e 40 5 21
e 32 5 21
e 5 8 10
e 19 30 10
e 2 19 10
e 44 39 21
e 20 8 21
e 2 20 10
e 44 35 21
e 30 31 1
e 2 21 10
e 35 49 10
e 0 1 1
e 12 28 10
e 32 8 21
e 19 39 10
e 36 0 17
e 3 35 4
e 35 17 21
e 45 36 15
e 17 32 21
e 19 23 2
e 2 4 10
e 0 32 10
e 6 32 10
e 17 20 10
e 37 9 21
e 3 6 9
e 2 5 10
e 0 17 10
e 2 3 1
e 21 20 21
e 37 28 21
e 28 30 10
e 26 28 4
e 12 23 2
e 44 20 21
e 9 17 10
e 2 13 10
e 9 8 21
e 44 28 21
e 2 24 10
e 26 4 15
e 44 21 21
e 17 18 1
e 0 5 10
e 36 32 17
e 13 35 10
e 29 13 15
e 9 4 21
e 13 32 21
e 21 5 21
e 16 19 20
e 44 46 1
e 13 17 10
e 2 30 10
e 5 7 1
e 2 0 21
e 12 30 2
e 21 0 21
e 12 19 21
e 17 49 10
e 37 19 21
e 37 13 21
e 32 49 10
e 12 23 10
e 36 8 21
e 44 15 21
e 44 40 21
e 12 15 2
e 37 40 21
e 2 8 10
e 9 5 21
e 9 49 10
e 3 15 4
e 33 37 9
e 24 49 10
e 35 36 10
e 21 35 10
e 49 8 21
e 40 8 21
e 50 5 9
e 3 49 9
e 44 36 21
e 24 32 21
e 35 5 21
e 48 24 20
e 37 36 21
e 44 23 21
e 37 5 21
e 28 39 10
e 38 44 4
e 1 20 4
e 35 32 21
e 44 9 21
e 24 0 21
e 17 40 21
e 37 2 21
e 12 30 10
e 44 6 21
e 9 36 10
e 44 19 21
e 13 5 21
e 6 35 10
e 9 0 21
e 36 0 21
e 20 25 12
e 35 40 21
e 21 36 10
e 37 38 12
e 49 4 21
e 37 32 21
e 19 28 10
e 2 23 10
e 42 37 15
e 9 32 21
e 21 32 21
e 24 5 21
e 44 30 21
e 36 20 21
e 20 4 21
e 37 39 10
e 24 4 21
e 24 8 21
e 32 4 21
e 2 32 10
e 6 36 10
e 13 4 21
e 2 40 10
e 36 49 10
e 21 8 21
e 44 8 21
e 44 13 21
e 10 30 9
e 12 15 10
e 37 4 21
e 13 21 10
e 12 39 2
e 35 0 21
e 46 2 20
e 13 14 12
e 36 49 6
e 15 28 10
e 17 8 21
e 20 49 10
e 13 8 21
e 15 16 0
e 13 36 10
e 49 50 12
e 23 30 10
e 21 17 21
e 35 8 21
e 2 17 10
e 36 4 17
e 21 40 21
e 2 9 10
e 44 0 21
e 37 0 21
e 13 49 10
e 36 17 17
e 36 17 21
e 7 8 9
e 24 27 12
e 18 32 15
e 16 23 9
e 0 40 10
e 21 49 10
e 6 17 10
e 37 44 10
e 35 4 21
e 25 49 4
e 44 49 10
e 44 4 21
e 40 43 12
e 24 20 21
e 0 20 10
e 15 23 10
e 2 36 10
e 20 5 21
e 4 5 10
e 41 44 9
e 31 39 9
e 37 24 21
e 37 8 21
e 6 20 10
e 2 39 10
e 21 4 21
e 23 28 10
e 15 39 10
e 9 40 10
e 40 4 21
e 2 15 10
e 36 40 21
e 29 9 15
e 44 24 21
e 37 20 21
e 37 23 21
e 0 4 10
e 37 49 10
e 17 5 21
e 10 12 9
e 18 40 15
e 2 35 10
e 9 35 10
e 24 40 21
e 37 21 21
e 3 5 9
e 15 30 10
e 37 6 21
e 13 0 21
e 9 20 10
e 9 21 10
e 6 13 10
e 36 40 17
e 6 24 10
e 29 17 20
e 19 23 10
e 50 4 9
e 2 28 10
e 6 0 21
e 6 4 21
e 21 22 1
e 26 6 15
e 23 39 10
e 12 19 13
e 0 8 10
e 0 49 10
e 15 19 21
e 47 49 9
e 10 23 4
e 2 49 10
e 6 49 10
e 45 0 15
e 37 30 21
e 6 40 10
e 36 4 21
e 6 9 10
e 2 6 10
e 40 49 10
e 13 40 21
e 40 49 9
e 13 21 9
e 9 21 9
e 32 49 9
e 24 35 9
-
t # 1 U 1
v 0 8
v 1 10
v 2 12
v 3 25
v 4 15
v 5 10
v 6 12
v 7 16
v 8 10
v 9 6
v 10 33
v 11 35
v 12 30
v 13 18
v 14 19
v 15 31
v 16 7
v 17 9
v 18 11
v 19 13
v 20 0
v 21 10
v 22 27
v 23 2
v 24 3
v 25 39
v 26 40
v 27 14
v 28 10
v 29 16
v 30 34
v 31 28
v 32 34
v 33 11
v 34 36
v 35 41
v 36 8
v 37 38
v 38 3
v 39 10
v 40 26
v 41 20
v 42 29
v 43 10
v 44 24
v 45 5
e 13 25 10
e 42 16 21
e 36 25 10
e 10 37 10
e 42 23 21
e 27 33 20
e 17 41 4
e 13 26 10
e 13 45 21
e 17 44 9
e 18 41 10
e 2 4 10
e 18 19 10
e 4 7 1
e 26 6 21
e 36 13 10
e 13 4 21
e 26 45 21
e 37 38 12
e 18 33 13
e 31 20 17
e 6 8 12
e 31 25 10
e 10 0 21
e 2 16 21
e 23 4 10
e 42 44 21
e 42 31 21
e 7 6 15
e 6 16 21
e 13 22 10
e 31 25 6
e 20 16 10
e 41 44 10
e 36 4 10
e 23 22 10
e 4 25 10
e 23 33 10
e 42 19 21
e 23 45 10
e 9 16 9
e 42 43 12
e 23 19 10
e 23 36 10
e 10 2 21
e 43 10 4
e 2 0 21
e 22 20 21
e 27 41 9
e 23 16 10
e 2 45 21
e 10 45 21
e 31 16 21
e 22 45 21
e 23 24 1
e 10 31 21
e 24 37 9
e 33 44 10
e 18 19 2
e 36 45 21
e 36 22 10
e 17 18 9
e 10 26 10
e 4 20 21
e 36 37 10
e 10 19 21
e 14 22 9
e 24 22 4
e 0 45 21
e 42 20 21
e 42 13 21
e 23 6 10
e 10 4 21
e 22 6 21
e 44 3 1
e 42 37 10
e 26 31 21
e 37 16 21
e 22 37 10
e 13 16 21
e 23 13 10
e 26 20 21
e 10 33 21
e 32 4 15
e 2 6 21
e 31 4 21
e 22 16 21
e 36 20 21
e 15 10 9
e 36 6 10
e 38 45 9
e 10 16 21
e 41 12 10
e 42 22 21
e 6 37 10
e 29 4 20
e 23 25 10
e 23 41 10
e 33 41 2
e 34 37 9
e 0 37 10
e 18 44 10
e 26 25 21
e 26 37 21
e 25 28 12
e 19 12 10
e 4 0 21
e 0 16 21
e 23 2 10
e 10 23 21
e 25 45 21
e 4 45 21
e 31 45 21
e 44 12 10
e 2 20 21
e 19 27 0
e 23 0 10
e 13 6 21
e 2 26 10
e 23 26 10
e 26 4 21
e 19 41 10
e 21 25 4
e 10 25 10
e 33 12 10
e 13 0 21
e 24 45 9
e 33 41 10
e 23 44 10
e 2 37 10
e 3 12 9
e 4 16 21
e 22 26 10
e 42 10 10
e 25 37 21
e 10 20 21
e 10 11 1
e 36 39 1
e 10 41 21
e 26 16 21
e 32 42 15
e 20 45 10
e 6 45 21
e 36 31 10
e 2 13 10
e 31 0 21
e 2 31 10
e 23 31 10
e 13 14 1
e 10 6 21
e 42 12 10
e 18 41 2
e 42 41 21
e 20 25 10
e 35 26 20
e 2 25 10
e 24 19 4
e 42 33 21
e 2 5 12
e 22 0 21
e 40 42 9
e 42 4 21
e 0 1 1
e 30 31 15
e 30 20 15
e 31 20 21
e 13 20 21
e 24 26 4
e 25 16 21
e 19 33 21
e 29 36 15
e 19 44 10
e 4 6 21
e 7 0 15
e 36 26 10
e 42 0 21
e 18 12 2
e 22 31 10
e 23 12 10
e 37 45 21
e 18 44 2
e 29 2 15
e 20 21 1
e 2 22 10
e 13 37 10
e 31 37 6
e 23 20 21
e 11 23 20
e 10 12 21
e 42 6 21
e 10 13 21
e 36 16 21
e 45 9 1
e 31 6 21
e 42 36 21
e 42 45 21
e 18 12 10
e 26 0 21
e 13 31 10
e 35 22 20
e 18 33 21
e 10 22 21
e 45 16 10
e 23 37 10
e 36 0 21
e 10 36 21
e 42 26 10
e 42 25 10
e 22 25 10
e 4 37 10
e 10 44 21
e 22 4 21
e 42 2 21
e 31 37 10
e 28 37 4
e 20 37 10
e 36 13 9
e 6 37 9
e 0 37 9
e 2 13 9
-
